job_id,product_type,operation_id,machine,tool,start_time,duration,plan_duration,end_time
job3,p3,1,a1_0,2,0.0,13.0,20.0,13.0
job3,p3,2,a3_0,2,17.0,12.0,10.0,29.0
job4,p3,1,a1_0,2,13.0,21.0,20.0,34.0
job4,p3,2,a3_0,2,35.0,5.0,10.0,40.0
job5,p2,1,a2_0,1,0.0,12.0,20.0,12.0
job5,p2,2,a3_0,2,12.0,5.0,10.0,17.0
job6,p4,1,a2_0,2,12.0,11.0,20.0,23.0
job6,p4,2,a3_0,1,29.0,6.0,10.0,35.0
job7,p2,1,a2_0,1,23.0,15.0,20.0,38.0
job7,p2,2,a3_0,2,40.0,14.0,10.0,54.0
job8,p1,1,a1_0,1,34.0,14.0,20.0,48.0
job8,p1,2,a3_0,1,54.0,11.0,10.0,65.0
job9,p3,1,a1_0,2,48.0,17.0,20.0,65.0
job9,p3,2,a3_0,2,80.0,6.0,10.0,86.0
job10,p1,1,a1_0,1,65.0,12.0,20.0,77.0
job10,p1,2,a3_0,1,86.0,7.0,10.0,93.0
job11,p4,1,a2_0,2,38.0,13.0,20.0,51.0
job11,p4,2,a3_0,1,65.0,15.0,10.0,80.0
job12,p3,1,a1_0,2,77.0,14.0,20.0,91.0
job12,p3,2,a3_0,2,106.0,5.0,10.0,111.0
job13,p1,1,a1_0,1,91.0,20.0,20.0,111.0
job13,p1,2,a3_0,1,120.0,14.0,10.0,134.0
job14,p1,1,a1_0,1,111.0,30.0,20.0,141.0
job14,p1,2,a3_0,1,147.0,14.0,10.0,161.0
job15,p4,1,a2_0,2,51.0,27.0,20.0,78.0
job15,p4,2,a3_0,1,93.0,13.0,10.0,106.0
job16,p4,1,a2_0,2,78.0,24.0,20.0,102.0
job16,p4,2,a3_0,1,111.0,9.0,10.0,120.0
job17,p3,1,a1_0,2,141.0,18.0,20.0,159.0
job17,p3,2,a3_0,2,173.0,7.0,10.0,180.0
job18,p2,1,a2_0,1,102.0,9.0,20.0,111.0
job18,p2,2,a3_0,2,134.0,5.0,10.0,139.0
job19,p4,1,a2_0,2,111.0,9.0,20.0,120.0
job19,p4,2,a3_0,1,139.0,8.0,10.0,147.0
job20,p4,1,a2_0,2,120.0,22.0,20.0,142.0
job20,p4,2,a3_0,1,161.0,12.0,10.0,173.0
job21,p1,1,a1_0,1,159.0,19.0,20.0,178.0
job21,p1,2,a3_0,1,187.0,14.0,10.0,201.0
job22,p4,1,a2_0,2,142.0,26.0,20.0,168.0
job22,p4,2,a3_0,1,180.0,7.0,10.0,187.0
job23,p2,1,a2_0,1,168.0,15.0,20.0,183.0
job23,p2,2,a3_0,2,201.0,7.0,10.0,208.0
job24,p4,1,a2_0,2,183.0,15.0,20.0,198.0
job24,p4,2,a3_0,1,208.0,6.0,10.0,214.0
job25,p1,1,a1_0,1,178.0,33.0,20.0,211.0
job25,p1,2,a3_0,1,214.0,13.0,10.0,227.0
job26,p4,1,a2_0,2,198.0,25.0,20.0,223.0
job26,p4,2,a3_0,1,227.0,12.0,10.0,239.0
job27,p1,1,a1_0,1,211.0,23.0,20.0,234.0
job27,p1,2,a3_0,1,239.0,14.0,10.0,253.0
job28,p4,1,a2_0,2,223.0,25.0,20.0,248.0
job28,p4,2,a3_0,1,253.0,14.0,10.0,267.0
job29,p4,1,a2_0,2,248.0,24.0,20.0,272.0
job29,p4,2,a3_0,1,282.0,14.0,10.0,296.0
job30,p3,1,a1_0,2,234.0,17.0,20.0,251.0
job30,p3,2,a3_0,2,267.0,7.0,10.0,274.0
job31,p1,1,a1_0,1,251.0,11.0,20.0,262.0
job31,p1,2,a3_0,1,274.0,8.0,10.0,282.0
job32,p2,1,a2_0,1,272.0,14.0,20.0,286.0
job32,p2,2,a3_0,2,302.0,13.0,10.0,315.0
job33,p4,1,a2_0,2,286.0,11.0,20.0,297.0
job33,p4,2,a3_0,1,315.0,8.0,10.0,323.0
job34,p3,1,a1_0,2,262.0,20.0,20.0,282.0
job34,p3,2,a3_0,2,296.0,6.0,10.0,302.0
job35,p3,1,a1_0,2,282.0,30.0,20.0,312.0
job35,p3,2,a3_0,2,323.0,5.0,10.0,328.0
job36,p4,1,a2_0,2,297.0,23.0,20.0,320.0
job36,p4,2,a3_0,1,328.0,6.0,10.0,334.0
job37,p2,1,a2_0,1,320.0,10.0,20.0,330.0
job37,p2,2,a3_0,2,334.0,5.0,10.0,339.0
job38,p3,1,a1_0,2,312.0,25.0,20.0,337.0
job38,p3,2,a3_0,2,339.0,16.0,10.0,355.0
job39,p1,1,a1_0,1,337.0,13.0,20.0,350.0
job39,p1,2,a3_0,1,355.0,5.0,10.0,360.0
job40,p3,1,a1_0,2,350.0,19.0,20.0,369.0
job40,p3,2,a3_0,2,369.0,15.0,10.0,384.0
job41,p3,1,a1_0,2,369.0,22.0,20.0,391.0
job41,p3,2,a3_0,2,398.0,14.0,10.0,412.0
job42,p1,1,a1_0,1,391.0,15.0,20.0,406.0
job42,p1,2,a3_0,1,420.0,12.0,10.0,432.0
job43,p3,1,a1_0,2,406.0,13.0,20.0,419.0
job43,p3,2,a3_0,2,432.0,6.0,10.0,438.0
job44,p3,1,a1_0,2,419.0,28.0,20.0,447.0
job44,p3,2,a3_0,2,453.0,16.0,10.0,469.0
job45,p1,1,a1_0,1,447.0,17.0,20.0,464.0
job45,p1,2,a3_0,1,478.0,14.0,10.0,492.0
job46,p2,1,a2_0,1,330.0,27.0,20.0,357.0
job46,p2,2,a3_0,2,360.0,7.0,10.0,367.0
job47,p3,1,a1_0,2,464.0,12.0,20.0,476.0
job47,p3,2,a3_0,2,500.0,13.0,10.0,513.0
job48,p4,1,a2_0,2,357.0,16.0,20.0,373.0
job48,p4,2,a3_0,1,384.0,9.0,10.0,393.0
job49,p1,1,a1_0,1,476.0,14.0,20.0,490.0
job49,p1,2,a3_0,1,513.0,7.0,10.0,520.0
job50,p1,1,a1_0,1,490.0,23.0,20.0,513.0
job50,p1,2,a3_0,1,536.0,15.0,10.0,551.0
job51,p3,1,a1_0,2,513.0,14.0,20.0,527.0
job51,p3,2,a3_0,2,551.0,5.0,10.0,556.0
job52,p2,1,a2_0,1,373.0,11.0,20.0,384.0
job52,p2,2,a3_0,2,393.0,5.0,10.0,398.0
job53,p1,1,a1_0,1,527.0,18.0,20.0,545.0
job53,p1,2,a3_0,1,563.0,13.0,10.0,576.0
job54,p4,1,a2_0,2,384.0,21.0,20.0,405.0
job54,p4,2,a3_0,1,412.0,8.0,10.0,420.0
job55,p1,1,a1_0,1,545.0,28.0,20.0,573.0
job55,p1,2,a3_0,1,583.0,9.0,10.0,592.0
job56,p3,1,a1_0,2,573.0,13.0,20.0,586.0
job56,p3,2,a3_0,2,608.0,8.0,10.0,616.0
job57,p1,1,a1_0,1,586.0,13.0,20.0,599.0
job57,p1,2,a3_0,1,630.0,7.0,10.0,637.0
job58,p4,1,a2_0,2,405.0,25.0,20.0,430.0
job58,p4,2,a3_0,1,438.0,7.0,10.0,445.0
job59,p2,1,a2_0,1,430.0,14.0,20.0,444.0
job59,p2,2,a3_0,2,445.0,8.0,10.0,453.0
job60,p1,1,a1_0,1,599.0,27.0,20.0,626.0
job60,p1,2,a3_0,1,650.0,12.0,10.0,662.0
job61,p4,1,a2_0,2,444.0,12.0,20.0,456.0
job61,p4,2,a3_0,1,469.0,9.0,10.0,478.0
job62,p2,1,a2_0,1,456.0,10.0,20.0,466.0
job62,p2,2,a3_0,2,492.0,8.0,10.0,500.0
job63,p1,1,a1_0,1,626.0,25.0,20.0,651.0
job63,p1,2,a3_0,1,677.0,12.0,10.0,689.0
job64,p2,1,a2_0,1,466.0,29.0,20.0,495.0
job64,p2,2,a3_0,2,520.0,6.0,10.0,526.0
job65,p4,1,a2_0,2,495.0,10.0,20.0,505.0
job65,p4,2,a3_0,1,526.0,10.0,10.0,536.0
job66,p1,1,a1_0,1,651.0,26.0,20.0,677.0
job66,p1,2,a3_0,1,701.0,13.0,10.0,714.0
job67,p4,1,a2_0,2,505.0,30.0,20.0,535.0
job67,p4,2,a3_0,1,556.0,7.0,10.0,563.0
job68,p2,1,a2_0,1,535.0,12.0,20.0,547.0
job68,p2,2,a3_0,2,576.0,7.0,10.0,583.0
job69,p4,1,a2_0,2,547.0,26.0,20.0,573.0
job69,p4,2,a3_0,1,592.0,16.0,10.0,608.0
job70,p2,1,a2_0,1,573.0,13.0,20.0,586.0
job70,p2,2,a3_0,2,616.0,14.0,10.0,630.0
job71,p2,1,a2_0,1,586.0,25.0,20.0,611.0
job71,p2,2,a3_0,2,637.0,7.0,10.0,644.0
job72,p3,1,a1_0,2,677.0,19.0,20.0,696.0
job72,p3,2,a3_0,2,725.0,6.0,10.0,731.0
job73,p3,1,a1_0,2,696.0,29.0,20.0,725.0
job73,p3,2,a3_0,2,755.0,8.0,10.0,763.0
job74,p1,1,a1_0,1,725.0,13.0,20.0,738.0
job74,p1,2,a3_0,1,776.0,9.0,10.0,785.0
job75,p4,1,a2_0,2,611.0,13.0,20.0,624.0
job75,p4,2,a3_0,1,644.0,6.0,10.0,650.0
job76,p4,1,a2_0,2,624.0,21.0,20.0,645.0
job76,p4,2,a3_0,1,662.0,15.0,10.0,677.0
job77,p4,1,a2_0,2,645.0,24.0,20.0,669.0
job77,p4,2,a3_0,1,689.0,12.0,10.0,701.0
job78,p4,1,a2_0,2,669.0,22.0,20.0,691.0
job78,p4,2,a3_0,1,714.0,11.0,10.0,725.0
job79,p2,1,a2_0,1,691.0,13.0,20.0,704.0
job79,p2,2,a3_0,2,731.0,16.0,10.0,747.0
job80,p1,1,a1_0,1,738.0,21.0,20.0,759.0
job80,p1,2,a3_0,1,792.0,8.0,10.0,800.0
job81,p4,1,a2_0,2,704.0,19.0,20.0,723.0
job81,p4,2,a3_0,1,747.0,8.0,10.0,755.0
job82,p3,1,a1_0,2,759.0,14.0,20.0,773.0
job82,p3,2,a3_0,2,800.0,7.0,10.0,807.0
job83,p1,1,a1_0,1,773.0,14.0,20.0,787.0
job83,p1,2,a3_0,1,816.0,12.0,10.0,828.0
job84,p2,1,a2_0,1,723.0,12.0,20.0,735.0
job84,p2,2,a3_0,2,763.0,13.0,10.0,776.0
job85,p1,1,a1_0,1,787.0,26.0,20.0,813.0
job85,p1,2,a3_0,1,842.0,15.0,10.0,857.0
job86,p3,1,a1_0,2,813.0,16.0,20.0,829.0
job86,p3,2,a3_0,2,857.0,9.0,10.0,866.0
job87,p1,1,a1_0,1,829.0,12.0,20.0,841.0
job87,p1,2,a3_0,1,873.0,14.0,10.0,887.0
job88,p3,1,a1_0,2,841.0,12.0,20.0,853.0
job88,p3,2,a3_0,2,897.0,12.0,10.0,909.0
job89,p3,1,a1_0,2,853.0,23.0,20.0,876.0
job89,p3,2,a3_0,2,913.0,5.0,10.0,918.0
job90,p1,1,a1_0,1,876.0,17.0,20.0,893.0
job90,p1,2,a3_0,1,923.0,9.0,10.0,932.0
job91,p2,1,a2_0,1,735.0,22.0,20.0,757.0
job91,p2,2,a3_0,2,785.0,7.0,10.0,792.0
job92,p4,1,a2_0,2,757.0,18.0,20.0,775.0
job92,p4,2,a3_0,1,807.0,9.0,10.0,816.0
job93,p2,1,a2_0,1,775.0,17.0,20.0,792.0
job93,p2,2,a3_0,2,828.0,7.0,10.0,835.0
job94,p4,1,a2_0,2,792.0,16.0,20.0,808.0
job94,p4,2,a3_0,1,835.0,7.0,10.0,842.0
job95,p1,1,a1_0,1,893.0,27.0,20.0,920.0
job95,p1,2,a3_0,1,946.0,15.0,10.0,961.0
job96,p4,1,a2_0,2,808.0,25.0,20.0,833.0
job96,p4,2,a3_0,1,866.0,7.0,10.0,873.0
job97,p3,1,a1_0,2,920.0,13.0,20.0,933.0
job97,p3,2,a3_0,2,968.0,12.0,10.0,980.0
job98,p2,1,a2_0,1,833.0,14.0,20.0,847.0
job98,p2,2,a3_0,2,887.0,10.0,10.0,897.0
job99,p4,1,a2_0,2,847.0,15.0,20.0,862.0
job99,p4,2,a3_0,1,909.0,4.0,10.0,913.0
job100,p4,1,a2_0,2,862.0,24.0,20.0,886.0
job100,p4,2,a3_0,1,918.0,5.0,10.0,923.0
job101,p3,1,a1_0,2,933.0,25.0,20.0,958.0
job101,p3,2,a3_0,2,988.0,7.0,10.0,995.0
job102,p4,1,a2_0,2,886.0,24.0,20.0,910.0
job102,p4,2,a3_0,1,932.0,14.0,10.0,946.0
job103,p3,1,a1_0,2,958.0,24.0,20.0,982.0
job103,p3,2,a3_0,2,1011.0,13.0,10.0,1024.0
job104,p2,1,a2_0,1,910.0,15.0,20.0,925.0
job104,p2,2,a3_0,2,961.0,7.0,10.0,968.0
job105,p1,1,a1_0,1,982.0,15.0,20.0,997.0
job105,p1,2,a3_0,1,1024.0,6.0,10.0,1030.0
job106,p4,1,a2_0,2,925.0,9.0,20.0,934.0
job106,p4,2,a3_0,1,980.0,8.0,10.0,988.0
job107,p1,1,a1_0,1,997.0,32.0,20.0,1029.0
job107,p1,2,a3_0,1,1043.0,13.0,10.0,1056.0
job108,p3,1,a1_0,2,1029.0,11.0,20.0,1040.0
job108,p3,2,a3_0,2,1056.0,5.0,10.0,1061.0
job109,p1,1,a1_0,1,1040.0,13.0,20.0,1053.0
job109,p1,2,a3_0,1,1067.0,11.0,10.0,1078.0
job110,p3,1,a1_0,2,1053.0,14.0,20.0,1067.0
job110,p3,2,a3_0,2,1078.0,6.0,10.0,1084.0
job111,p4,1,a2_0,2,934.0,31.0,20.0,965.0
job111,p4,2,a3_0,1,995.0,7.0,10.0,1002.0
job112,p2,1,a2_0,1,965.0,15.0,20.0,980.0
job112,p2,2,a3_0,2,1002.0,9.0,10.0,1011.0
job113,p2,1,a2_0,1,980.0,25.0,20.0,1005.0
job113,p2,2,a3_0,2,1030.0,7.0,10.0,1037.0
job114,p3,1,a1_0,2,1067.0,30.0,20.0,1097.0
job114,p3,2,a3_0,2,1097.0,7.0,10.0,1104.0
job115,p4,1,a2_0,2,1005.0,11.0,20.0,1016.0
job115,p4,2,a3_0,1,1037.0,6.0,10.0,1043.0
job116,p3,1,a1_0,2,1097.0,28.0,20.0,1125.0
job116,p3,2,a3_0,2,1125.0,5.0,10.0,1130.0
job117,p3,1,a1_0,2,1125.0,23.0,20.0,1148.0
job117,p3,2,a3_0,2,1148.0,14.0,10.0,1162.0
job118,p4,1,a2_0,2,1016.0,30.0,20.0,1046.0
job118,p4,2,a3_0,1,1061.0,6.0,10.0,1067.0
job119,p4,1,a2_0,2,1046.0,32.0,20.0,1078.0
job119,p4,2,a3_0,1,1084.0,7.0,10.0,1091.0
job120,p4,1,a2_0,2,1078.0,26.0,20.0,1104.0
job120,p4,2,a3_0,1,1104.0,9.0,10.0,1113.0
job121,p4,1,a2_0,2,1104.0,25.0,20.0,1129.0
job121,p4,2,a3_0,1,1130.0,6.0,10.0,1136.0
job122,p1,1,a1_0,1,1148.0,13.0,20.0,1161.0
job122,p1,2,a3_0,1,1162.0,5.0,10.0,1167.0
job123,p2,1,a2_0,1,1129.0,11.0,20.0,1140.0
job123,p2,2,a3_0,2,1140.0,8.0,10.0,1148.0
job124,p3,1,a1_0,2,1161.0,16.0,20.0,1177.0
job124,p3,2,a3_0,2,1177.0,12.0,10.0,1189.0
job125,p3,1,a1_0,2,1177.0,28.0,20.0,1205.0
job125,p3,2,a3_0,2,1205.0,14.0,10.0,1219.0
job126,p2,1,a2_0,1,1140.0,25.0,20.0,1165.0
job126,p2,2,a3_0,2,1167.0,8.0,10.0,1175.0
job127,p3,1,a1_0,2,1205.0,25.0,20.0,1230.0
job127,p3,2,a3_0,2,1232.0,13.0,10.0,1245.0
job128,p3,1,a1_0,2,1230.0,32.0,20.0,1262.0
job128,p3,2,a3_0,2,1262.0,7.0,10.0,1269.0
job129,p2,1,a2_0,1,1165.0,26.0,20.0,1191.0
job129,p2,2,a3_0,2,1191.0,12.0,10.0,1203.0
job130,p2,1,a2_0,1,1191.0,25.0,20.0,1216.0
job130,p2,2,a3_0,2,1219.0,13.0,10.0,1232.0
job131,p1,1,a1_0,1,1262.0,17.0,20.0,1279.0
job131,p1,2,a3_0,1,1280.0,6.0,10.0,1286.0
job132,p4,1,a2_0,2,1216.0,20.0,20.0,1236.0
job132,p4,2,a3_0,1,1245.0,7.0,10.0,1252.0
job133,p1,1,a1_0,1,1279.0,27.0,20.0,1306.0
job133,p1,2,a3_0,1,1309.0,5.0,10.0,1314.0
job134,p3,1,a1_0,2,1306.0,12.0,20.0,1318.0
job134,p3,2,a3_0,2,1318.0,5.0,10.0,1323.0
job135,p4,1,a2_0,2,1236.0,26.0,20.0,1262.0
job135,p4,2,a3_0,1,1269.0,5.0,10.0,1274.0
job136,p3,1,a1_0,2,1318.0,32.0,20.0,1350.0
job136,p3,2,a3_0,2,1350.0,4.0,10.0,1354.0
job137,p2,1,a2_0,1,1262.0,10.0,20.0,1272.0
job137,p2,2,a3_0,2,1274.0,6.0,10.0,1280.0
job138,p4,1,a2_0,2,1272.0,15.0,20.0,1287.0
job138,p4,2,a3_0,1,1287.0,11.0,10.0,1298.0
job139,p1,1,a1_0,1,1350.0,17.0,20.0,1367.0
job139,p1,2,a3_0,1,1367.0,8.0,10.0,1375.0
job140,p2,1,a2_0,1,1287.0,14.0,20.0,1301.0
job140,p2,2,a3_0,2,1301.0,8.0,10.0,1309.0
job141,p2,1,a2_0,1,1301.0,27.0,20.0,1328.0
job141,p2,2,a3_0,2,1328.0,13.0,10.0,1341.0
job142,p4,1,a2_0,2,1328.0,15.0,20.0,1343.0
job142,p4,2,a3_0,1,1343.0,5.0,10.0,1348.0
job143,p1,1,a1_0,1,1367.0,25.0,20.0,1392.0
job143,p1,2,a3_0,1,1392.0,12.0,10.0,1404.0
job144,p4,1,a2_0,2,1343.0,28.0,20.0,1371.0
job144,p4,2,a3_0,1,1375.0,15.0,10.0,1390.0
job145,p1,1,a1_0,1,1392.0,25.0,20.0,1417.0
job145,p1,2,a3_0,1,1431.0,12.0,10.0,1443.0
job146,p4,1,a2_0,2,1371.0,21.0,20.0,1392.0
job146,p4,2,a3_0,1,1404.0,14.0,10.0,1418.0
job147,p1,1,a1_0,1,1417.0,24.0,20.0,1441.0
job147,p1,2,a3_0,1,1456.0,13.0,10.0,1469.0
job148,p3,1,a1_0,2,1441.0,15.0,20.0,1456.0
job148,p3,2,a3_0,2,1475.0,12.0,10.0,1487.0
job149,p1,1,a1_0,1,1456.0,10.0,20.0,1466.0
job149,p1,2,a3_0,1,1487.0,5.0,10.0,1492.0
job150,p4,1,a2_0,2,1392.0,23.0,20.0,1415.0
job150,p4,2,a3_0,1,1418.0,13.0,10.0,1431.0
job151,p4,1,a2_0,2,1415.0,23.0,20.0,1438.0
job151,p4,2,a3_0,1,1443.0,13.0,10.0,1456.0
job152,p2,1,a2_0,1,1438.0,18.0,20.0,1456.0
job152,p2,2,a3_0,2,1469.0,6.0,10.0,1475.0
job153,p4,1,a2_0,2,1456.0,11.0,20.0,1467.0
job153,p4,2,a3_0,1,1492.0,15.0,10.0,1507.0
job154,p3,1,a1_0,2,1466.0,16.0,20.0,1482.0
job154,p3,2,a3_0,2,1516.0,13.0,10.0,1529.0
job155,p2,1,a2_0,1,1467.0,13.0,20.0,1480.0
job155,p2,2,a3_0,2,1507.0,9.0,10.0,1516.0
job156,p4,1,a2_0,2,1480.0,16.0,20.0,1496.0
job156,p4,2,a3_0,1,1536.0,12.0,10.0,1548.0
job157,p1,1,a1_0,1,1482.0,12.0,20.0,1494.0
job157,p1,2,a3_0,1,1529.0,7.0,10.0,1536.0
job158,p1,1,a1_0,1,1494.0,26.0,20.0,1520.0
job158,p1,2,a3_0,1,1563.0,13.0,10.0,1576.0
job159,p4,1,a2_0,2,1496.0,23.0,20.0,1519.0
job159,p4,2,a3_0,1,1548.0,15.0,10.0,1563.0
job160,p4,1,a2_0,2,1519.0,27.0,20.0,1546.0
job160,p4,2,a3_0,1,1576.0,10.0,10.0,1586.0
job161,p4,1,a2_0,2,1546.0,29.0,20.0,1575.0
job161,p4,2,a3_0,1,1615.0,14.0,10.0,1629.0
job162,p4,1,a2_0,2,1575.0,27.0,20.0,1602.0
job162,p4,2,a3_0,1,1643.0,12.0,10.0,1655.0
job163,p1,1,a1_0,1,1520.0,29.0,20.0,1549.0
job163,p1,2,a3_0,1,1586.0,14.0,10.0,1600.0
job164,p2,1,a2_0,1,1602.0,10.0,20.0,1612.0
job164,p2,2,a3_0,2,1655.0,12.0,10.0,1667.0
job165,p1,1,a1_0,1,1549.0,21.0,20.0,1570.0
job165,p1,2,a3_0,1,1600.0,15.0,10.0,1615.0
job166,p4,1,a2_0,2,1612.0,15.0,20.0,1627.0
job166,p4,2,a3_0,1,1673.0,14.0,10.0,1687.0
job167,p2,1,a2_0,1,1627.0,13.0,20.0,1640.0
job167,p2,2,a3_0,2,1705.0,8.0,10.0,1713.0
job168,p1,1,a1_0,1,1570.0,24.0,20.0,1594.0
job168,p1,2,a3_0,1,1629.0,14.0,10.0,1643.0
job169,p1,1,a1_0,1,1594.0,21.0,20.0,1615.0
job169,p1,2,a3_0,1,1667.0,6.0,10.0,1673.0
job170,p3,1,a1_0,2,1615.0,12.0,20.0,1627.0
job170,p3,2,a3_0,2,1687.0,11.0,10.0,1698.0
job171,p1,1,a1_0,1,1627.0,12.0,20.0,1639.0
job171,p1,2,a3_0,1,1698.0,7.0,10.0,1705.0
job172,p1,1,a1_0,1,1639.0,24.0,20.0,1663.0
job172,p1,2,a3_0,1,1713.0,9.0,10.0,1722.0
job173,p3,1,a1_0,2,1663.0,10.0,20.0,1673.0
job173,p3,2,a3_0,2,1727.0,12.0,10.0,1739.0
job174,p3,1,a1_0,2,1673.0,26.0,20.0,1699.0
job174,p3,2,a3_0,2,1745.0,8.0,10.0,1753.0
job175,p2,1,a2_0,1,1640.0,26.0,20.0,1666.0
job175,p2,2,a3_0,2,1722.0,5.0,10.0,1727.0
job176,p3,1,a1_0,2,1699.0,25.0,20.0,1724.0
job176,p3,2,a3_0,2,1761.0,6.0,10.0,1767.0
job177,p1,1,a1_0,1,1724.0,12.0,20.0,1736.0
job177,p1,2,a3_0,1,1775.0,11.0,10.0,1786.0
job178,p1,1,a1_0,1,1736.0,25.0,20.0,1761.0
job178,p1,2,a3_0,1,1797.0,6.0,10.0,1803.0
job179,p4,1,a2_0,2,1666.0,14.0,20.0,1680.0
job179,p4,2,a3_0,1,1739.0,6.0,10.0,1745.0
job180,p4,1,a2_0,2,1680.0,25.0,20.0,1705.0
job180,p4,2,a3_0,1,1753.0,8.0,10.0,1761.0
job181,p3,1,a1_0,2,1761.0,11.0,20.0,1772.0
job181,p3,2,a3_0,2,1809.0,12.0,10.0,1821.0
job182,p3,1,a1_0,2,1772.0,28.0,20.0,1800.0
job182,p3,2,a3_0,2,1834.0,12.0,10.0,1846.0
job183,p3,1,a1_0,2,1800.0,25.0,20.0,1825.0
job183,p3,2,a3_0,2,1858.0,13.0,10.0,1871.0
job184,p4,1,a2_0,2,1705.0,27.0,20.0,1732.0
job184,p4,2,a3_0,1,1767.0,8.0,10.0,1775.0
job185,p1,1,a1_0,1,1825.0,12.0,20.0,1837.0
job185,p1,2,a3_0,1,1883.0,7.0,10.0,1890.0
job186,p1,1,a1_0,1,1837.0,25.0,20.0,1862.0
job186,p1,2,a3_0,1,1902.0,13.0,10.0,1915.0
job187,p3,1,a1_0,2,1862.0,18.0,20.0,1880.0
job187,p3,2,a3_0,2,1927.0,8.0,10.0,1935.0
job188,p1,1,a1_0,1,1880.0,12.0,20.0,1892.0
job188,p1,2,a3_0,1,1951.0,7.0,10.0,1958.0
job189,p1,1,a1_0,1,1892.0,27.0,20.0,1919.0
job189,p1,2,a3_0,1,1979.0,6.0,10.0,1985.0
job190,p2,1,a2_0,1,1732.0,14.0,20.0,1746.0
job190,p2,2,a3_0,2,1786.0,11.0,10.0,1797.0
job191,p2,1,a2_0,1,1746.0,22.0,20.0,1768.0
job191,p2,2,a3_0,2,1803.0,6.0,10.0,1809.0
job192,p2,1,a2_0,1,1768.0,23.0,20.0,1791.0
job192,p2,2,a3_0,2,1821.0,13.0,10.0,1834.0
job193,p1,1,a1_0,1,1919.0,27.0,20.0,1946.0
job193,p1,2,a3_0,1,2009.0,5.0,10.0,2014.0
job194,p2,1,a2_0,1,1791.0,21.0,20.0,1812.0
job194,p2,2,a3_0,2,1846.0,12.0,10.0,1858.0
job195,p3,1,a1_0,2,1946.0,11.0,20.0,1957.0
job195,p3,2,a3_0,2,2026.0,7.0,10.0,2033.0
job196,p3,1,a1_0,2,1957.0,29.0,20.0,1986.0
job196,p3,2,a3_0,2,2041.0,7.0,10.0,2048.0
job197,p1,1,a1_0,1,1986.0,14.0,20.0,2000.0
job197,p1,2,a3_0,1,2062.0,5.0,10.0,2067.0
job198,p2,1,a2_0,1,1812.0,24.0,20.0,1836.0
job198,p2,2,a3_0,2,1871.0,12.0,10.0,1883.0
job199,p4,1,a2_0,2,1836.0,13.0,20.0,1849.0
job199,p4,2,a3_0,1,1890.0,12.0,10.0,1902.0
job200,p1,1,a1_0,1,2000.0,24.0,20.0,2024.0
job200,p1,2,a3_0,1,2074.0,6.0,10.0,2080.0
job201,p1,1,a1_0,1,2024.0,29.0,20.0,2053.0
job201,p1,2,a3_0,1,2092.0,13.0,10.0,2105.0
job202,p1,1,a1_0,1,2053.0,26.0,20.0,2079.0
job202,p1,2,a3_0,1,2120.0,14.0,10.0,2134.0
job203,p2,1,a2_0,1,1849.0,16.0,20.0,1865.0
job203,p2,2,a3_0,2,1915.0,6.0,10.0,1921.0
job204,p4,1,a2_0,2,1865.0,14.0,20.0,1879.0
job204,p4,2,a3_0,1,1921.0,6.0,10.0,1927.0
job205,p3,1,a1_0,2,2079.0,12.0,20.0,2091.0
job205,p3,2,a3_0,2,2145.0,7.0,10.0,2152.0
job206,p1,1,a1_0,1,2091.0,16.0,20.0,2107.0
job206,p1,2,a3_0,1,2152.0,8.0,10.0,2160.0
job207,p2,1,a2_0,1,1879.0,12.0,20.0,1891.0
job207,p2,2,a3_0,2,1935.0,16.0,10.0,1951.0
job208,p3,1,a1_0,2,2107.0,12.0,20.0,2119.0
job208,p3,2,a3_0,2,2171.0,7.0,10.0,2178.0
job209,p1,1,a1_0,1,2119.0,15.0,20.0,2134.0
job209,p1,2,a3_0,1,2190.0,5.0,10.0,2195.0
job210,p1,1,a1_0,1,2134.0,29.0,20.0,2163.0
job210,p1,2,a3_0,1,2204.0,6.0,10.0,2210.0
job211,p4,1,a2_0,2,1891.0,13.0,20.0,1904.0
job211,p4,2,a3_0,1,1958.0,12.0,10.0,1970.0
job212,p1,1,a1_0,1,2163.0,24.0,20.0,2187.0
job212,p1,2,a3_0,1,2217.0,6.0,10.0,2223.0
job213,p1,1,a1_0,1,2187.0,22.0,20.0,2209.0
job213,p1,2,a3_0,1,2236.0,15.0,10.0,2251.0
job214,p1,1,a1_0,1,2209.0,24.0,20.0,2233.0
job214,p1,2,a3_0,1,2258.0,6.0,10.0,2264.0
job215,p2,1,a2_0,1,1904.0,9.0,20.0,1913.0
job215,p2,2,a3_0,2,1970.0,9.0,10.0,1979.0
job216,p1,1,a1_0,1,2233.0,29.0,20.0,2262.0
job216,p1,2,a3_0,1,2271.0,8.0,10.0,2279.0
job217,p4,1,a2_0,2,1913.0,13.0,20.0,1926.0
job217,p4,2,a3_0,1,1985.0,15.0,10.0,2000.0
job218,p2,1,a2_0,1,1926.0,13.0,20.0,1939.0
job218,p2,2,a3_0,2,2000.0,9.0,10.0,2009.0
job219,p4,1,a2_0,2,1939.0,14.0,20.0,1953.0
job219,p4,2,a3_0,1,2014.0,12.0,10.0,2026.0
job220,p3,1,a1_0,2,2262.0,13.0,20.0,2275.0
job220,p3,2,a3_0,2,2290.0,11.0,10.0,2301.0
job221,p4,1,a2_0,2,1953.0,23.0,20.0,1976.0
job221,p4,2,a3_0,1,2033.0,8.0,10.0,2041.0
job222,p2,1,a2_0,1,1976.0,13.0,20.0,1989.0
job222,p2,2,a3_0,2,2048.0,14.0,10.0,2062.0
job223,p3,1,a1_0,2,2275.0,25.0,20.0,2300.0
job223,p3,2,a3_0,2,2314.0,12.0,10.0,2326.0
job224,p2,1,a2_0,1,1989.0,26.0,20.0,2015.0
job224,p2,2,a3_0,2,2067.0,7.0,10.0,2074.0
job225,p3,1,a1_0,2,2300.0,29.0,20.0,2329.0
job225,p3,2,a3_0,2,2346.0,5.0,10.0,2351.0
job226,p3,1,a1_0,2,2329.0,24.0,20.0,2353.0
job226,p3,2,a3_0,2,2363.0,11.0,10.0,2374.0
job227,p4,1,a2_0,2,2015.0,15.0,20.0,2030.0
job227,p4,2,a3_0,1,2080.0,12.0,10.0,2092.0
job228,p4,1,a2_0,2,2030.0,31.0,20.0,2061.0
job228,p4,2,a3_0,1,2105.0,15.0,10.0,2120.0
job229,p4,1,a2_0,2,2061.0,27.0,20.0,2088.0
job229,p4,2,a3_0,1,2134.0,11.0,10.0,2145.0
job230,p1,1,a1_0,1,2353.0,15.0,20.0,2368.0
job230,p1,2,a3_0,1,2374.0,6.0,10.0,2380.0
job231,p1,1,a1_0,1,2368.0,29.0,20.0,2397.0
job231,p1,2,a3_0,1,2399.0,9.0,10.0,2408.0
job232,p1,1,a1_0,1,2397.0,26.0,20.0,2423.0
job232,p1,2,a3_0,1,2427.0,5.0,10.0,2432.0
job233,p1,1,a1_0,1,2423.0,25.0,20.0,2448.0
job233,p1,2,a3_0,1,2448.0,13.0,10.0,2461.0
job234,p4,1,a2_0,2,2088.0,24.0,20.0,2112.0
job234,p4,2,a3_0,1,2160.0,11.0,10.0,2171.0
job235,p1,1,a1_0,1,2448.0,24.0,20.0,2472.0
job235,p1,2,a3_0,1,2472.0,13.0,10.0,2485.0
job236,p2,1,a2_0,1,2112.0,18.0,20.0,2130.0
job236,p2,2,a3_0,2,2178.0,12.0,10.0,2190.0
job237,p2,1,a2_0,1,2130.0,31.0,20.0,2161.0
job237,p2,2,a3_0,2,2195.0,9.0,10.0,2204.0
job238,p1,1,a1_0,1,2472.0,28.0,20.0,2500.0
job238,p1,2,a3_0,1,2500.0,11.0,10.0,2511.0
job239,p2,1,a2_0,1,2161.0,20.0,20.0,2181.0
job239,p2,2,a3_0,2,2210.0,7.0,10.0,2217.0
job240,p4,1,a2_0,2,2181.0,13.0,20.0,2194.0
job240,p4,2,a3_0,1,2223.0,13.0,10.0,2236.0
job241,p2,1,a2_0,1,2194.0,15.0,20.0,2209.0
job241,p2,2,a3_0,2,2251.0,7.0,10.0,2258.0
job242,p3,1,a1_0,2,2500.0,14.0,20.0,2514.0
job242,p3,2,a3_0,2,2523.0,9.0,10.0,2532.0
job243,p2,1,a2_0,1,2209.0,29.0,20.0,2238.0
job243,p2,2,a3_0,2,2264.0,7.0,10.0,2271.0
job244,p1,1,a1_0,1,2514.0,13.0,20.0,2527.0
job244,p1,2,a3_0,1,2545.0,7.0,10.0,2552.0
job245,p2,1,a2_0,1,2238.0,24.0,20.0,2262.0
job245,p2,2,a3_0,2,2279.0,11.0,10.0,2290.0
job246,p2,1,a2_0,1,2262.0,26.0,20.0,2288.0
job246,p2,2,a3_0,2,2301.0,13.0,10.0,2314.0
job247,p1,1,a1_0,1,2527.0,28.0,20.0,2555.0
job247,p1,2,a3_0,1,2558.0,6.0,10.0,2564.0
job248,p1,1,a1_0,1,2555.0,24.0,20.0,2579.0
job248,p1,2,a3_0,1,2581.0,8.0,10.0,2589.0
job249,p3,1,a1_0,2,2579.0,13.0,20.0,2592.0
job249,p3,2,a3_0,2,2592.0,9.0,10.0,2601.0
job250,p4,1,a2_0,2,2288.0,12.0,20.0,2300.0
job250,p4,2,a3_0,1,2326.0,8.0,10.0,2334.0
job251,p4,1,a2_0,2,2300.0,23.0,20.0,2323.0
job251,p4,2,a3_0,1,2334.0,12.0,10.0,2346.0
job252,p1,1,a1_0,1,2592.0,9.0,20.0,2601.0
job252,p1,2,a3_0,1,2601.0,7.0,10.0,2608.0
job253,p2,1,a2_0,1,2323.0,18.0,20.0,2341.0
job253,p2,2,a3_0,2,2351.0,12.0,10.0,2363.0
job254,p2,1,a2_0,1,2341.0,30.0,20.0,2371.0
job254,p2,2,a3_0,2,2380.0,4.0,10.0,2384.0
job255,p4,1,a2_0,2,2371.0,12.0,20.0,2383.0
job255,p4,2,a3_0,1,2384.0,8.0,10.0,2392.0
job256,p2,1,a2_0,1,2383.0,10.0,20.0,2393.0
job256,p2,2,a3_0,2,2393.0,6.0,10.0,2399.0
job257,p2,1,a2_0,1,2393.0,28.0,20.0,2421.0
job257,p2,2,a3_0,2,2421.0,6.0,10.0,2427.0
job258,p4,1,a2_0,2,2421.0,14.0,20.0,2435.0
job258,p4,2,a3_0,1,2435.0,13.0,10.0,2448.0
job259,p4,1,a2_0,2,2435.0,24.0,20.0,2459.0
job259,p4,2,a3_0,1,2461.0,11.0,10.0,2472.0
job260,p4,1,a2_0,2,2459.0,26.0,20.0,2485.0
job260,p4,2,a3_0,1,2485.0,12.0,10.0,2497.0
job261,p1,1,a1_0,1,2601.0,28.0,20.0,2629.0
job261,p1,2,a3_0,1,2639.0,6.0,10.0,2645.0
job262,p4,1,a2_0,2,2485.0,21.0,20.0,2506.0
job262,p4,2,a3_0,1,2511.0,12.0,10.0,2523.0
job263,p1,1,a1_0,1,2629.0,25.0,20.0,2654.0
job263,p1,2,a3_0,1,2658.0,15.0,10.0,2673.0
job264,p3,1,a1_0,2,2654.0,14.0,20.0,2668.0
job264,p3,2,a3_0,2,2673.0,6.0,10.0,2679.0
job265,p3,1,a1_0,2,2668.0,30.0,20.0,2698.0
job265,p3,2,a3_0,2,2698.0,6.0,10.0,2704.0
job266,p2,1,a2_0,1,2506.0,11.0,20.0,2517.0
job266,p2,2,a3_0,2,2532.0,13.0,10.0,2545.0
job267,p3,1,a1_0,2,2698.0,27.0,20.0,2725.0
job267,p3,2,a3_0,2,2727.0,11.0,10.0,2738.0
job268,p3,1,a1_0,2,2725.0,26.0,20.0,2751.0
job268,p3,2,a3_0,2,2753.0,15.0,10.0,2768.0
job269,p2,1,a2_0,1,2517.0,25.0,20.0,2542.0
job269,p2,2,a3_0,2,2552.0,6.0,10.0,2558.0
job270,p1,1,a1_0,1,2751.0,16.0,20.0,2767.0
job270,p1,2,a3_0,1,2773.0,12.0,10.0,2785.0
job271,p4,1,a2_0,2,2542.0,17.0,20.0,2559.0
job271,p4,2,a3_0,1,2564.0,11.0,10.0,2575.0
job272,p2,1,a2_0,1,2559.0,16.0,20.0,2575.0
job272,p2,2,a3_0,2,2575.0,6.0,10.0,2581.0
job273,p3,1,a1_0,2,2767.0,16.0,20.0,2783.0
job273,p3,2,a3_0,2,2791.0,13.0,10.0,2804.0
job274,p1,1,a1_0,1,2783.0,15.0,20.0,2798.0
job274,p1,2,a3_0,1,2819.0,7.0,10.0,2826.0
job275,p1,1,a1_0,1,2798.0,26.0,20.0,2824.0
job275,p1,2,a3_0,1,2834.0,5.0,10.0,2839.0
job276,p2,1,a2_0,1,2575.0,27.0,20.0,2602.0
job276,p2,2,a3_0,2,2608.0,5.0,10.0,2613.0
job277,p3,1,a1_0,2,2824.0,14.0,20.0,2838.0
job277,p3,2,a3_0,2,2839.0,6.0,10.0,2845.0
job278,p2,1,a2_0,1,2602.0,25.0,20.0,2627.0
job278,p2,2,a3_0,2,2627.0,12.0,10.0,2639.0
job279,p1,1,a1_0,1,2838.0,17.0,20.0,2855.0
job279,p1,2,a3_0,1,2864.0,6.0,10.0,2870.0
job280,p4,1,a2_0,2,2627.0,16.0,20.0,2643.0
job280,p4,2,a3_0,1,2645.0,13.0,10.0,2658.0
job281,p3,1,a1_0,2,2855.0,21.0,20.0,2876.0
job281,p3,2,a3_0,2,2883.0,6.0,10.0,2889.0
job282,p1,1,a1_0,1,2876.0,10.0,20.0,2886.0
job282,p1,2,a3_0,1,2903.0,6.0,10.0,2909.0
job283,p4,1,a2_0,2,2643.0,29.0,20.0,2672.0
job283,p4,2,a3_0,1,2679.0,10.0,10.0,2689.0
job284,p4,1,a2_0,2,2672.0,31.0,20.0,2703.0
job284,p4,2,a3_0,1,2704.0,7.0,10.0,2711.0
job285,p3,1,a1_0,2,2886.0,15.0,20.0,2901.0
job285,p3,2,a3_0,2,2909.0,6.0,10.0,2915.0
job286,p2,1,a2_0,1,2703.0,16.0,20.0,2719.0
job286,p2,2,a3_0,2,2719.0,8.0,10.0,2727.0
job287,p2,1,a2_0,1,2719.0,22.0,20.0,2741.0
job287,p2,2,a3_0,2,2741.0,12.0,10.0,2753.0
job288,p3,1,a1_0,2,2901.0,20.0,20.0,2921.0
job288,p3,2,a3_0,2,2937.0,10.0,10.0,2947.0
job289,p1,1,a1_0,1,2921.0,13.0,20.0,2934.0
job289,p1,2,a3_0,1,2947.0,7.0,10.0,2954.0
job290,p3,1,a1_0,2,2934.0,16.0,20.0,2950.0
job290,p3,2,a3_0,2,2967.0,6.0,10.0,2973.0
job291,p3,1,a1_0,2,2950.0,23.0,20.0,2973.0
job291,p3,2,a3_0,2,2978.0,6.0,10.0,2984.0
job292,p4,1,a2_0,2,2741.0,19.0,20.0,2760.0
job292,p4,2,a3_0,1,2768.0,5.0,10.0,2773.0
job293,p2,1,a2_0,1,2760.0,13.0,20.0,2773.0
job293,p2,2,a3_0,2,2785.0,6.0,10.0,2791.0
job294,p3,1,a1_0,2,2973.0,23.0,20.0,2996.0
job294,p3,2,a3_0,2,2997.0,7.0,10.0,3004.0
job295,p4,1,a2_0,2,2773.0,11.0,20.0,2784.0
job295,p4,2,a3_0,1,2804.0,7.0,10.0,2811.0
job296,p3,1,a1_0,2,2996.0,28.0,20.0,3024.0
job296,p3,2,a3_0,2,3029.0,8.0,10.0,3037.0
job297,p1,1,a1_0,1,3024.0,14.0,20.0,3038.0
job297,p1,2,a3_0,1,3038.0,8.0,10.0,3046.0
job298,p3,1,a1_0,2,3038.0,12.0,20.0,3050.0
job298,p3,2,a3_0,2,3063.0,5.0,10.0,3068.0
job299,p2,1,a2_0,1,2784.0,11.0,20.0,2795.0
job299,p2,2,a3_0,2,2811.0,8.0,10.0,2819.0
job300,p1,1,a1_0,1,3050.0,13.0,20.0,3063.0
job300,p1,2,a3_0,1,3068.0,5.0,10.0,3073.0
job301,p2,1,a2_0,1,2795.0,29.0,20.0,2824.0
job301,p2,2,a3_0,2,2826.0,8.0,10.0,2834.0
job302,p2,1,a2_0,1,2824.0,28.0,20.0,2852.0
job302,p2,2,a3_0,2,2852.0,12.0,10.0,2864.0
job303,p4,1,a2_0,2,2852.0,17.0,20.0,2869.0
job303,p4,2,a3_0,1,2870.0,13.0,10.0,2883.0
job304,p1,1,a1_0,1,3063.0,26.0,20.0,3089.0
job304,p1,2,a3_0,1,3093.0,12.0,10.0,3105.0
job305,p2,1,a2_0,1,2869.0,12.0,20.0,2881.0
job305,p2,2,a3_0,2,2889.0,14.0,10.0,2903.0
job306,p3,1,a1_0,2,3089.0,13.0,20.0,3102.0
job306,p3,2,a3_0,2,3112.0,13.0,10.0,3125.0
job307,p1,1,a1_0,1,3102.0,12.0,20.0,3114.0
job307,p1,2,a3_0,1,3125.0,6.0,10.0,3131.0
job308,p3,1,a1_0,2,3114.0,14.0,20.0,3128.0
job308,p3,2,a3_0,2,3144.0,6.0,10.0,3150.0
job309,p3,1,a1_0,2,3128.0,22.0,20.0,3150.0
job309,p3,2,a3_0,2,3157.0,8.0,10.0,3165.0
job310,p2,1,a2_0,1,2881.0,27.0,20.0,2908.0
job310,p2,2,a3_0,2,2915.0,14.0,10.0,2929.0
job311,p4,1,a2_0,2,2908.0,8.0,20.0,2916.0
job311,p4,2,a3_0,1,2929.0,8.0,10.0,2937.0
job312,p1,1,a1_0,1,3150.0,18.0,20.0,3168.0
job312,p1,2,a3_0,1,3185.0,14.0,10.0,3199.0
job313,p1,1,a1_0,1,3168.0,30.0,20.0,3198.0
job313,p1,2,a3_0,1,3205.0,6.0,10.0,3211.0
job314,p4,1,a2_0,2,2916.0,24.0,20.0,2940.0
job314,p4,2,a3_0,1,2954.0,13.0,10.0,2967.0
job315,p3,1,a1_0,2,3198.0,12.0,20.0,3210.0
job315,p3,2,a3_0,2,3211.0,6.0,10.0,3217.0
job316,p4,1,a2_0,2,2940.0,24.0,20.0,2964.0
job316,p4,2,a3_0,1,2973.0,5.0,10.0,2978.0
job317,p3,1,a1_0,2,3210.0,24.0,20.0,3234.0
job317,p3,2,a3_0,2,3238.0,6.0,10.0,3244.0
job318,p3,1,a1_0,2,3234.0,24.0,20.0,3258.0
job318,p3,2,a3_0,2,3258.0,12.0,10.0,3270.0
job319,p3,1,a1_0,2,3258.0,26.0,20.0,3284.0
job319,p3,2,a3_0,2,3284.0,11.0,10.0,3295.0
job320,p3,1,a1_0,2,3284.0,24.0,20.0,3308.0
job320,p3,2,a3_0,2,3308.0,12.0,10.0,3320.0
job321,p4,1,a2_0,2,2964.0,29.0,20.0,2993.0
job321,p4,2,a3_0,1,2993.0,4.0,10.0,2997.0
job322,p3,1,a1_0,2,3308.0,29.0,20.0,3337.0
job322,p3,2,a3_0,2,3342.0,7.0,10.0,3349.0
job323,p1,1,a1_0,1,3337.0,12.0,20.0,3349.0
job323,p1,2,a3_0,1,3349.0,7.0,10.0,3356.0
job324,p4,1,a2_0,2,2993.0,30.0,20.0,3023.0
job324,p4,2,a3_0,1,3023.0,6.0,10.0,3029.0
job325,p3,1,a1_0,2,3349.0,14.0,20.0,3363.0
job325,p3,2,a3_0,2,3373.0,8.0,10.0,3381.0
job326,p4,1,a2_0,2,3023.0,27.0,20.0,3050.0
job326,p4,2,a3_0,1,3050.0,13.0,10.0,3063.0
job327,p4,1,a2_0,2,3050.0,30.0,20.0,3080.0
job327,p4,2,a3_0,1,3080.0,13.0,10.0,3093.0
job328,p2,1,a2_0,1,3080.0,16.0,20.0,3096.0
job328,p2,2,a3_0,2,3105.0,7.0,10.0,3112.0
job329,p1,1,a1_0,1,3363.0,12.0,20.0,3375.0
job329,p1,2,a3_0,1,3381.0,4.0,10.0,3385.0
job330,p4,1,a2_0,2,3096.0,19.0,20.0,3115.0
job330,p4,2,a3_0,1,3131.0,13.0,10.0,3144.0
job331,p1,1,a1_0,1,3375.0,27.0,20.0,3402.0
job331,p1,2,a3_0,1,3402.0,12.0,10.0,3414.0
job332,p3,1,a1_0,2,3402.0,11.0,20.0,3413.0
job332,p3,2,a3_0,2,3414.0,8.0,10.0,3422.0
job333,p3,1,a1_0,2,3413.0,28.0,20.0,3441.0
job333,p3,2,a3_0,2,3441.0,14.0,10.0,3455.0
job334,p4,1,a2_0,2,3115.0,26.0,20.0,3141.0
job334,p4,2,a3_0,1,3150.0,7.0,10.0,3157.0
job335,p2,1,a2_0,1,3141.0,13.0,20.0,3154.0
job335,p2,2,a3_0,2,3165.0,13.0,10.0,3178.0
job336,p1,1,a1_0,1,3441.0,15.0,20.0,3456.0
job336,p1,2,a3_0,1,3464.0,11.0,10.0,3475.0
job337,p3,1,a1_0,2,3456.0,10.0,20.0,3466.0
job337,p3,2,a3_0,2,3484.0,16.0,10.0,3500.0
job338,p3,1,a1_0,2,3466.0,22.0,20.0,3488.0
job338,p3,2,a3_0,2,3506.0,8.0,10.0,3514.0
job339,p1,1,a1_0,1,3488.0,14.0,20.0,3502.0
job339,p1,2,a3_0,1,3514.0,6.0,10.0,3520.0
job340,p3,1,a1_0,2,3502.0,16.0,20.0,3518.0
job340,p3,2,a3_0,2,3532.0,7.0,10.0,3539.0
job341,p4,1,a2_0,2,3154.0,13.0,20.0,3167.0
job341,p4,2,a3_0,1,3178.0,7.0,10.0,3185.0
job342,p2,1,a2_0,1,3167.0,19.0,20.0,3186.0
job342,p2,2,a3_0,2,3199.0,6.0,10.0,3205.0
job343,p3,1,a1_0,2,3518.0,24.0,20.0,3542.0
job343,p3,2,a3_0,2,3546.0,11.0,10.0,3557.0
job344,p2,1,a2_0,1,3186.0,30.0,20.0,3216.0
job344,p2,2,a3_0,2,3217.0,13.0,10.0,3230.0
job345,p4,1,a2_0,2,3216.0,11.0,20.0,3227.0
job345,p4,2,a3_0,1,3230.0,8.0,10.0,3238.0
job346,p2,1,a2_0,1,3227.0,14.0,20.0,3241.0
job346,p2,2,a3_0,2,3244.0,12.0,10.0,3256.0
job347,p4,1,a2_0,2,3241.0,17.0,20.0,3258.0
job347,p4,2,a3_0,1,3270.0,6.0,10.0,3276.0
job348,p2,1,a2_0,1,3258.0,11.0,20.0,3269.0
job348,p2,2,a3_0,2,3276.0,4.0,10.0,3280.0
job349,p2,1,a2_0,1,3269.0,25.0,20.0,3294.0
job349,p2,2,a3_0,2,3295.0,11.0,10.0,3306.0
job350,p4,1,a2_0,2,3294.0,15.0,20.0,3309.0
job350,p4,2,a3_0,1,3320.0,5.0,10.0,3325.0
job351,p3,1,a1_0,2,3542.0,32.0,20.0,3574.0
job351,p3,2,a3_0,2,3574.0,15.0,10.0,3589.0
job352,p2,1,a2_0,1,3309.0,13.0,20.0,3322.0
job352,p2,2,a3_0,2,3325.0,6.0,10.0,3331.0
job353,p1,1,a1_0,1,3574.0,12.0,20.0,3586.0
job353,p1,2,a3_0,1,3603.0,7.0,10.0,3610.0
job354,p4,1,a2_0,2,3322.0,12.0,20.0,3334.0
job354,p4,2,a3_0,1,3334.0,8.0,10.0,3342.0
job355,p4,1,a2_0,2,3334.0,25.0,20.0,3359.0
job355,p4,2,a3_0,1,3359.0,14.0,10.0,3373.0
job356,p1,1,a1_0,1,3586.0,30.0,20.0,3616.0
job356,p1,2,a3_0,1,3639.0,14.0,10.0,3653.0
job357,p1,1,a1_0,1,3616.0,23.0,20.0,3639.0
job357,p1,2,a3_0,1,3659.0,7.0,10.0,3666.0
job358,p1,1,a1_0,1,3639.0,29.0,20.0,3668.0
job358,p1,2,a3_0,1,3676.0,12.0,10.0,3688.0
job359,p1,1,a1_0,1,3668.0,24.0,20.0,3692.0
job359,p1,2,a3_0,1,3695.0,8.0,10.0,3703.0
job360,p1,1,a1_0,1,3692.0,26.0,20.0,3718.0
job360,p1,2,a3_0,1,3718.0,15.0,10.0,3733.0
job361,p4,1,a2_0,2,3359.0,25.0,20.0,3384.0
job361,p4,2,a3_0,1,3385.0,15.0,10.0,3400.0
job362,p4,1,a2_0,2,3384.0,32.0,20.0,3416.0
job362,p4,2,a3_0,1,3422.0,9.0,10.0,3431.0
job363,p1,1,a1_0,1,3718.0,32.0,20.0,3750.0
job363,p1,2,a3_0,1,3750.0,13.0,10.0,3763.0
job364,p3,1,a1_0,2,3750.0,12.0,20.0,3762.0
job364,p3,2,a3_0,2,3771.0,14.0,10.0,3785.0
job365,p2,1,a2_0,1,3416.0,13.0,20.0,3429.0
job365,p2,2,a3_0,2,3431.0,6.0,10.0,3437.0
job366,p1,1,a1_0,1,3762.0,8.0,20.0,3770.0
job366,p1,2,a3_0,1,3791.0,12.0,10.0,3803.0
job367,p3,1,a1_0,2,3770.0,10.0,20.0,3780.0
job367,p3,2,a3_0,2,3803.0,8.0,10.0,3811.0
job368,p4,1,a2_0,2,3429.0,18.0,20.0,3447.0
job368,p4,2,a3_0,1,3455.0,9.0,10.0,3464.0
job369,p2,1,a2_0,1,3447.0,11.0,20.0,3458.0
job369,p2,2,a3_0,2,3475.0,9.0,10.0,3484.0
job370,p4,1,a2_0,2,3458.0,16.0,20.0,3474.0
job370,p4,2,a3_0,1,3500.0,6.0,10.0,3506.0
job371,p4,1,a2_0,2,3474.0,31.0,20.0,3505.0
job371,p4,2,a3_0,1,3520.0,12.0,10.0,3532.0
job372,p3,1,a1_0,2,3780.0,26.0,20.0,3806.0
job372,p3,2,a3_0,2,3824.0,13.0,10.0,3837.0
job373,p3,1,a1_0,2,3806.0,24.0,20.0,3830.0
job373,p3,2,a3_0,2,3843.0,7.0,10.0,3850.0
job374,p4,1,a2_0,2,3505.0,26.0,20.0,3531.0
job374,p4,2,a3_0,1,3539.0,7.0,10.0,3546.0
job375,p2,1,a2_0,1,3531.0,19.0,20.0,3550.0
job375,p2,2,a3_0,2,3557.0,13.0,10.0,3570.0
job376,p2,1,a2_0,1,3550.0,28.0,20.0,3578.0
job376,p2,2,a3_0,2,3589.0,14.0,10.0,3603.0
job377,p4,1,a2_0,2,3578.0,11.0,20.0,3589.0
job377,p4,2,a3_0,1,3610.0,17.0,10.0,3627.0
job378,p3,1,a1_0,2,3830.0,26.0,20.0,3856.0
job378,p3,2,a3_0,2,3862.0,14.0,10.0,3876.0
job379,p3,1,a1_0,2,3856.0,25.0,20.0,3881.0
job379,p3,2,a3_0,2,3898.0,8.0,10.0,3906.0
job380,p4,1,a2_0,2,3589.0,26.0,20.0,3615.0
job380,p4,2,a3_0,1,3627.0,12.0,10.0,3639.0
job381,p1,1,a1_0,1,3881.0,10.0,20.0,3891.0
job381,p1,2,a3_0,1,3906.0,7.0,10.0,3913.0
job382,p2,1,a2_0,1,3615.0,12.0,20.0,3627.0
job382,p2,2,a3_0,2,3653.0,6.0,10.0,3659.0
job383,p1,1,a1_0,1,3891.0,20.0,20.0,3911.0
job383,p1,2,a3_0,1,3926.0,14.0,10.0,3940.0
job384,p2,1,a2_0,1,3627.0,25.0,20.0,3652.0
job384,p2,2,a3_0,2,3666.0,5.0,10.0,3671.0
job385,p1,1,a1_0,1,3911.0,27.0,20.0,3938.0
job385,p1,2,a3_0,1,3948.0,7.0,10.0,3955.0
job386,p4,1,a2_0,2,3652.0,11.0,20.0,3663.0
job386,p4,2,a3_0,1,3671.0,5.0,10.0,3676.0
job387,p2,1,a2_0,1,3663.0,11.0,20.0,3674.0
job387,p2,2,a3_0,2,3688.0,7.0,10.0,3695.0
job388,p2,1,a2_0,1,3674.0,22.0,20.0,3696.0
job388,p2,2,a3_0,2,3703.0,6.0,10.0,3709.0
job389,p3,1,a1_0,2,3938.0,18.0,20.0,3956.0
job389,p3,2,a3_0,2,3960.0,11.0,10.0,3971.0
job390,p3,1,a1_0,2,3956.0,26.0,20.0,3982.0
job390,p3,2,a3_0,2,3986.0,13.0,10.0,3999.0
job391,p4,1,a2_0,2,3696.0,14.0,20.0,3710.0
job391,p4,2,a3_0,1,3710.0,6.0,10.0,3716.0
job392,p4,1,a2_0,2,3710.0,24.0,20.0,3734.0
job392,p4,2,a3_0,1,3734.0,11.0,10.0,3745.0
job393,p2,1,a2_0,1,3734.0,16.0,20.0,3750.0
job393,p2,2,a3_0,2,3763.0,8.0,10.0,3771.0
job394,p1,1,a1_0,1,3982.0,13.0,20.0,3995.0
job394,p1,2,a3_0,1,4007.0,12.0,10.0,4019.0
job395,p1,1,a1_0,1,3995.0,25.0,20.0,4020.0
job395,p1,2,a3_0,1,4034.0,11.0,10.0,4045.0
job396,p3,1,a1_0,2,4020.0,15.0,20.0,4035.0
job396,p3,2,a3_0,2,4052.0,15.0,10.0,4067.0
job397,p4,1,a2_0,2,3750.0,15.0,20.0,3765.0
job397,p4,2,a3_0,1,3785.0,6.0,10.0,3791.0
job398,p1,1,a1_0,1,4035.0,11.0,20.0,4046.0
job398,p1,2,a3_0,1,4067.0,7.0,10.0,4074.0
job399,p1,1,a1_0,1,4046.0,19.0,20.0,4065.0
job399,p1,2,a3_0,1,4091.0,7.0,10.0,4098.0
job400,p4,1,a2_0,2,3765.0,28.0,20.0,3793.0
job400,p4,2,a3_0,1,3811.0,7.0,10.0,3818.0
job401,p2,1,a2_0,1,3793.0,11.0,20.0,3804.0
job401,p2,2,a3_0,2,3818.0,6.0,10.0,3824.0
job402,p1,1,a1_0,1,4065.0,27.0,20.0,4092.0
job402,p1,2,a3_0,1,4098.0,12.0,10.0,4110.0
job403,p1,1,a1_0,1,4092.0,25.0,20.0,4117.0
job403,p1,2,a3_0,1,4118.0,6.0,10.0,4124.0
job404,p4,1,a2_0,2,3804.0,13.0,20.0,3817.0
job404,p4,2,a3_0,1,3837.0,6.0,10.0,3843.0
job405,p2,1,a2_0,1,3817.0,19.0,20.0,3836.0
job405,p2,2,a3_0,2,3850.0,12.0,10.0,3862.0
job406,p2,1,a2_0,1,3836.0,29.0,20.0,3865.0
job406,p2,2,a3_0,2,3876.0,14.0,10.0,3890.0
job407,p4,1,a2_0,2,3865.0,13.0,20.0,3878.0
job407,p4,2,a3_0,1,3890.0,8.0,10.0,3898.0
job408,p3,1,a1_0,2,4117.0,20.0,20.0,4137.0
job408,p3,2,a3_0,2,4140.0,6.0,10.0,4146.0
job409,p3,1,a1_0,2,4137.0,19.0,20.0,4156.0
job409,p3,2,a3_0,2,4156.0,13.0,10.0,4169.0
job410,p4,1,a2_0,2,3878.0,25.0,20.0,3903.0
job410,p4,2,a3_0,1,3913.0,13.0,10.0,3926.0
job411,p3,1,a1_0,2,4156.0,26.0,20.0,4182.0
job411,p3,2,a3_0,2,4182.0,7.0,10.0,4189.0
job412,p3,1,a1_0,2,4182.0,32.0,20.0,4214.0
job412,p3,2,a3_0,2,4214.0,8.0,10.0,4222.0
job413,p1,1,a1_0,1,4214.0,14.0,20.0,4228.0
job413,p1,2,a3_0,1,4229.0,13.0,10.0,4242.0
job414,p3,1,a1_0,2,4228.0,10.0,20.0,4238.0
job414,p3,2,a3_0,2,4248.0,12.0,10.0,4260.0
job415,p1,1,a1_0,1,4238.0,14.0,20.0,4252.0
job415,p1,2,a3_0,1,4260.0,7.0,10.0,4267.0
job416,p2,1,a2_0,1,3903.0,12.0,20.0,3915.0
job416,p2,2,a3_0,2,3940.0,8.0,10.0,3948.0
job417,p2,1,a2_0,1,3915.0,25.0,20.0,3940.0
job417,p2,2,a3_0,2,3955.0,5.0,10.0,3960.0
job418,p2,1,a2_0,1,3940.0,29.0,20.0,3969.0
job418,p2,2,a3_0,2,3971.0,15.0,10.0,3986.0
job419,p4,1,a2_0,2,3969.0,20.0,20.0,3989.0
job419,p4,2,a3_0,1,3999.0,8.0,10.0,4007.0
job420,p1,1,a1_0,1,4252.0,24.0,20.0,4276.0
job420,p1,2,a3_0,1,4278.0,7.0,10.0,4285.0
job421,p4,1,a2_0,2,3989.0,28.0,20.0,4017.0
job421,p4,2,a3_0,1,4019.0,15.0,10.0,4034.0
job422,p3,1,a1_0,2,4276.0,16.0,20.0,4292.0
job422,p3,2,a3_0,2,4294.0,15.0,10.0,4309.0
job423,p2,1,a2_0,1,4017.0,12.0,20.0,4029.0
job423,p2,2,a3_0,2,4045.0,7.0,10.0,4052.0
job424,p1,1,a1_0,1,4292.0,14.0,20.0,4306.0
job424,p1,2,a3_0,1,4309.0,6.0,10.0,4315.0
job425,p4,1,a2_0,2,4029.0,18.0,20.0,4047.0
job425,p4,2,a3_0,1,4074.0,11.0,10.0,4085.0
job426,p1,1,a1_0,1,4306.0,28.0,20.0,4334.0
job426,p1,2,a3_0,1,4334.0,7.0,10.0,4341.0
job427,p2,1,a2_0,1,4047.0,13.0,20.0,4060.0
job427,p2,2,a3_0,2,4085.0,6.0,10.0,4091.0
job428,p2,1,a2_0,1,4060.0,33.0,20.0,4093.0
job428,p2,2,a3_0,2,4110.0,8.0,10.0,4118.0
job429,p2,1,a2_0,1,4093.0,27.0,20.0,4120.0
job429,p2,2,a3_0,2,4124.0,8.0,10.0,4132.0
job430,p4,1,a2_0,2,4120.0,13.0,20.0,4133.0
job430,p4,2,a3_0,1,4133.0,7.0,10.0,4140.0
job431,p1,1,a1_0,1,4334.0,23.0,20.0,4357.0
job431,p1,2,a3_0,1,4357.0,12.0,10.0,4369.0
job432,p1,1,a1_0,1,4357.0,24.0,20.0,4381.0
job432,p1,2,a3_0,1,4381.0,10.0,10.0,4391.0
job433,p4,1,a2_0,2,4133.0,31.0,20.0,4164.0
job433,p4,2,a3_0,1,4169.0,7.0,10.0,4176.0
job434,p3,1,a1_0,2,4381.0,13.0,20.0,4394.0
job434,p3,2,a3_0,2,4398.0,12.0,10.0,4410.0
job435,p4,1,a2_0,2,4164.0,23.0,20.0,4187.0
job435,p4,2,a3_0,1,4189.0,5.0,10.0,4194.0
job436,p4,1,a2_0,2,4187.0,28.0,20.0,4215.0
job436,p4,2,a3_0,1,4222.0,7.0,10.0,4229.0
job437,p3,1,a1_0,2,4394.0,24.0,20.0,4418.0
job437,p3,2,a3_0,2,4424.0,12.0,10.0,4436.0
job438,p2,1,a2_0,1,4215.0,20.0,20.0,4235.0
job438,p2,2,a3_0,2,4242.0,6.0,10.0,4248.0
job439,p2,1,a2_0,1,4235.0,28.0,20.0,4263.0
job439,p2,2,a3_0,2,4267.0,11.0,10.0,4278.0
job440,p3,1,a1_0,2,4418.0,29.0,20.0,4447.0
job440,p3,2,a3_0,2,4448.0,12.0,10.0,4460.0
job441,p3,1,a1_0,2,4447.0,25.0,20.0,4472.0
job441,p3,2,a3_0,2,4479.0,12.0,10.0,4491.0
job442,p2,1,a2_0,1,4263.0,24.0,20.0,4287.0
job442,p2,2,a3_0,2,4287.0,7.0,10.0,4294.0
job443,p2,1,a2_0,1,4287.0,24.0,20.0,4311.0
job443,p2,2,a3_0,2,4315.0,7.0,10.0,4322.0
job444,p2,1,a2_0,1,4311.0,26.0,20.0,4337.0
job444,p2,2,a3_0,2,4341.0,5.0,10.0,4346.0
job445,p3,1,a1_0,2,4472.0,28.0,20.0,4500.0
job445,p3,2,a3_0,2,4509.0,7.0,10.0,4516.0
job446,p4,1,a2_0,2,4337.0,12.0,20.0,4349.0
job446,p4,2,a3_0,1,4349.0,7.0,10.0,4356.0
job447,p3,1,a1_0,2,4500.0,27.0,20.0,4527.0
job447,p3,2,a3_0,2,4528.0,14.0,10.0,4542.0
job448,p2,1,a2_0,1,4349.0,14.0,20.0,4363.0
job448,p2,2,a3_0,2,4369.0,6.0,10.0,4375.0
job449,p4,1,a2_0,2,4363.0,10.0,20.0,4373.0
job449,p4,2,a3_0,1,4375.0,5.0,10.0,4380.0
job450,p1,1,a1_0,1,4527.0,14.0,20.0,4541.0
job450,p1,2,a3_0,1,4553.0,7.0,10.0,4560.0
job451,p2,1,a2_0,1,4373.0,11.0,20.0,4384.0
job451,p2,2,a3_0,2,4391.0,7.0,10.0,4398.0
job452,p4,1,a2_0,2,4384.0,16.0,20.0,4400.0
job452,p4,2,a3_0,1,4410.0,7.0,10.0,4417.0
job453,p1,1,a1_0,1,4541.0,31.0,20.0,4572.0
job453,p1,2,a3_0,1,4575.0,7.0,10.0,4582.0
job454,p3,1,a1_0,2,4572.0,10.0,20.0,4582.0
job454,p3,2,a3_0,2,4582.0,8.0,10.0,4590.0
job455,p3,1,a1_0,2,4582.0,21.0,20.0,4603.0
job455,p3,2,a3_0,2,4604.0,14.0,10.0,4618.0
job456,p1,1,a1_0,1,4603.0,15.0,20.0,4618.0
job456,p1,2,a3_0,1,4625.0,13.0,10.0,4638.0
job457,p1,1,a1_0,1,4618.0,25.0,20.0,4643.0
job457,p1,2,a3_0,1,4651.0,15.0,10.0,4666.0
job458,p2,1,a2_0,1,4400.0,14.0,20.0,4414.0
job458,p2,2,a3_0,2,4417.0,7.0,10.0,4424.0
job459,p3,1,a1_0,2,4643.0,12.0,20.0,4655.0
job459,p3,2,a3_0,2,4666.0,6.0,10.0,4672.0
job460,p4,1,a2_0,2,4414.0,12.0,20.0,4426.0
job460,p4,2,a3_0,1,4436.0,5.0,10.0,4441.0
job461,p1,1,a1_0,1,4655.0,12.0,20.0,4667.0
job461,p1,2,a3_0,1,4681.0,15.0,10.0,4696.0
job462,p2,1,a2_0,1,4426.0,13.0,20.0,4439.0
job462,p2,2,a3_0,2,4441.0,7.0,10.0,4448.0
job463,p2,1,a2_0,1,4439.0,23.0,20.0,4462.0
job463,p2,2,a3_0,2,4462.0,17.0,10.0,4479.0
job464,p4,1,a2_0,2,4462.0,11.0,20.0,4473.0
job464,p4,2,a3_0,1,4491.0,7.0,10.0,4498.0
job465,p3,1,a1_0,2,4667.0,14.0,20.0,4681.0
job465,p3,2,a3_0,2,4696.0,5.0,10.0,4701.0
job466,p3,1,a1_0,2,4681.0,30.0,20.0,4711.0
job466,p3,2,a3_0,2,4718.0,11.0,10.0,4729.0
job467,p4,1,a2_0,2,4473.0,23.0,20.0,4496.0
job467,p4,2,a3_0,1,4498.0,11.0,10.0,4509.0
job468,p3,1,a1_0,2,4711.0,28.0,20.0,4739.0
job468,p3,2,a3_0,2,4749.0,8.0,10.0,4757.0
job469,p3,1,a1_0,2,4739.0,26.0,20.0,4765.0
job469,p3,2,a3_0,2,4765.0,14.0,10.0,4779.0
job470,p3,1,a1_0,2,4765.0,26.0,20.0,4791.0
job470,p3,2,a3_0,2,4791.0,12.0,10.0,4803.0
job471,p2,1,a2_0,1,4496.0,9.0,20.0,4505.0
job471,p2,2,a3_0,2,4516.0,12.0,10.0,4528.0
job472,p2,1,a2_0,1,4505.0,30.0,20.0,4535.0
job472,p2,2,a3_0,2,4542.0,11.0,10.0,4553.0
job473,p3,1,a1_0,2,4791.0,25.0,20.0,4816.0
job473,p3,2,a3_0,2,4827.0,13.0,10.0,4840.0
job474,p2,1,a2_0,1,4535.0,34.0,20.0,4569.0
job474,p2,2,a3_0,2,4569.0,6.0,10.0,4575.0
job475,p2,1,a2_0,1,4569.0,21.0,20.0,4590.0
job475,p2,2,a3_0,2,4590.0,14.0,10.0,4604.0
job476,p4,1,a2_0,2,4590.0,18.0,20.0,4608.0
job476,p4,2,a3_0,1,4618.0,7.0,10.0,4625.0
job477,p1,1,a1_0,1,4816.0,15.0,20.0,4831.0
job477,p1,2,a3_0,1,4847.0,11.0,10.0,4858.0
job478,p3,1,a1_0,2,4831.0,13.0,20.0,4844.0
job478,p3,2,a3_0,2,4864.0,11.0,10.0,4875.0
job479,p1,1,a1_0,1,4844.0,17.0,20.0,4861.0
job479,p1,2,a3_0,1,4875.0,6.0,10.0,4881.0
job480,p1,1,a1_0,1,4861.0,26.0,20.0,4887.0
job480,p1,2,a3_0,1,4891.0,7.0,10.0,4898.0
job481,p3,1,a1_0,2,4887.0,18.0,20.0,4905.0
job481,p3,2,a3_0,2,4910.0,6.0,10.0,4916.0
job482,p1,1,a1_0,1,4905.0,10.0,20.0,4915.0
job482,p1,2,a3_0,1,4916.0,6.0,10.0,4922.0
job483,p4,1,a2_0,2,4608.0,29.0,20.0,4637.0
job483,p4,2,a3_0,1,4638.0,13.0,10.0,4651.0
job484,p4,1,a2_0,2,4637.0,25.0,20.0,4662.0
job484,p4,2,a3_0,1,4672.0,9.0,10.0,4681.0
job485,p4,1,a2_0,2,4662.0,24.0,20.0,4686.0
job485,p4,2,a3_0,1,4701.0,9.0,10.0,4710.0
job486,p3,1,a1_0,2,4915.0,12.0,20.0,4927.0
job486,p3,2,a3_0,2,4937.0,7.0,10.0,4944.0
job487,p2,1,a2_0,1,4686.0,15.0,20.0,4701.0
job487,p2,2,a3_0,2,4710.0,8.0,10.0,4718.0
job488,p1,1,a1_0,1,4927.0,14.0,20.0,4941.0
job488,p1,2,a3_0,1,4956.0,5.0,10.0,4961.0
job489,p3,1,a1_0,2,4941.0,13.0,20.0,4954.0
job489,p3,2,a3_0,2,4961.0,6.0,10.0,4967.0
job490,p1,1,a1_0,1,4954.0,11.0,20.0,4965.0
job490,p1,2,a3_0,1,4980.0,6.0,10.0,4986.0
job491,p3,1,a1_0,2,4965.0,13.0,20.0,4978.0
job491,p3,2,a3_0,2,4986.0,6.0,10.0,4992.0
job492,p1,1,a1_0,1,4978.0,17.0,20.0,4995.0
job492,p1,2,a3_0,1,5005.0,7.0,10.0,5012.0
job493,p3,1,a1_0,2,4995.0,10.0,20.0,5005.0
job493,p3,2,a3_0,2,5012.0,4.0,10.0,5016.0
job494,p2,1,a2_0,1,4701.0,23.0,20.0,4724.0
job494,p2,2,a3_0,2,4729.0,13.0,10.0,4742.0
job495,p4,1,a2_0,2,4724.0,12.0,20.0,4736.0
job495,p4,2,a3_0,1,4742.0,7.0,10.0,4749.0
job496,p4,1,a2_0,2,4736.0,36.0,20.0,4772.0
job496,p4,2,a3_0,1,4779.0,7.0,10.0,4786.0
job497,p1,1,a1_0,1,5005.0,15.0,20.0,5020.0
job497,p1,2,a3_0,1,5032.0,8.0,10.0,5040.0
job498,p2,1,a2_0,1,4772.0,14.0,20.0,4786.0
job498,p2,2,a3_0,2,4786.0,5.0,10.0,4791.0
job499,p1,1,a1_0,1,5020.0,30.0,20.0,5050.0
job499,p1,2,a3_0,1,5061.0,6.0,10.0,5067.0
job500,p3,1,a1_0,2,5050.0,15.0,20.0,5065.0
job500,p3,2,a3_0,2,5082.0,6.0,10.0,5088.0
job501,p2,1,a2_0,1,4786.0,30.0,20.0,4816.0
job501,p2,2,a3_0,2,4816.0,11.0,10.0,4827.0
job502,p4,1,a2_0,2,4816.0,12.0,20.0,4828.0
job502,p4,2,a3_0,1,4840.0,7.0,10.0,4847.0
job503,p2,1,a2_0,1,4828.0,11.0,20.0,4839.0
job503,p2,2,a3_0,2,4858.0,6.0,10.0,4864.0
job504,p2,1,a2_0,1,4839.0,25.0,20.0,4864.0
job504,p2,2,a3_0,2,4881.0,10.0,10.0,4891.0
job505,p2,1,a2_0,1,4864.0,27.0,20.0,4891.0
job505,p2,2,a3_0,2,4898.0,5.0,10.0,4903.0
job506,p4,1,a2_0,2,4891.0,11.0,20.0,4902.0
job506,p4,2,a3_0,1,4903.0,7.0,10.0,4910.0
job507,p1,1,a1_0,1,5065.0,17.0,20.0,5082.0
job507,p1,2,a3_0,1,5088.0,10.0,10.0,5098.0
job508,p4,1,a2_0,2,4902.0,24.0,20.0,4926.0
job508,p4,2,a3_0,1,4926.0,11.0,10.0,4937.0
job509,p2,1,a2_0,1,4926.0,12.0,20.0,4938.0
job509,p2,2,a3_0,2,4944.0,12.0,10.0,4956.0
job510,p3,1,a1_0,2,5082.0,16.0,20.0,5098.0
job510,p3,2,a3_0,2,5118.0,14.0,10.0,5132.0
job511,p2,1,a2_0,1,4938.0,27.0,20.0,4965.0
job511,p2,2,a3_0,2,4967.0,13.0,10.0,4980.0
job512,p3,1,a1_0,2,5098.0,25.0,20.0,5123.0
job512,p3,2,a3_0,2,5132.0,12.0,10.0,5144.0
job513,p2,1,a2_0,1,4965.0,29.0,20.0,4994.0
job513,p2,2,a3_0,2,4994.0,11.0,10.0,5005.0
job514,p1,1,a1_0,1,5123.0,14.0,20.0,5137.0
job514,p1,2,a3_0,1,5158.0,4.0,10.0,5162.0
job515,p3,1,a1_0,2,5137.0,17.0,20.0,5154.0
job515,p3,2,a3_0,2,5176.0,6.0,10.0,5182.0
job516,p1,1,a1_0,1,5154.0,17.0,20.0,5171.0
job516,p1,2,a3_0,1,5187.0,11.0,10.0,5198.0
job517,p3,1,a1_0,2,5171.0,9.0,20.0,5180.0
job517,p3,2,a3_0,2,5198.0,8.0,10.0,5206.0
job518,p3,1,a1_0,2,5180.0,27.0,20.0,5207.0
job518,p3,2,a3_0,2,5217.0,14.0,10.0,5231.0
job519,p1,1,a1_0,1,5207.0,14.0,20.0,5221.0
job519,p1,2,a3_0,1,5231.0,8.0,10.0,5239.0
job520,p2,1,a2_0,1,4994.0,25.0,20.0,5019.0
job520,p2,2,a3_0,2,5019.0,13.0,10.0,5032.0
job521,p4,1,a2_0,2,5019.0,12.0,20.0,5031.0
job521,p4,2,a3_0,1,5040.0,14.0,10.0,5054.0
job522,p2,1,a2_0,1,5031.0,13.0,20.0,5044.0
job522,p2,2,a3_0,2,5054.0,7.0,10.0,5061.0
job523,p3,1,a1_0,2,5221.0,18.0,20.0,5239.0
job523,p3,2,a3_0,2,5245.0,12.0,10.0,5257.0
job524,p4,1,a2_0,2,5044.0,12.0,20.0,5056.0
job524,p4,2,a3_0,1,5067.0,15.0,10.0,5082.0
job525,p3,1,a1_0,2,5239.0,22.0,20.0,5261.0
job525,p3,2,a3_0,2,5273.0,15.0,10.0,5288.0
job526,p4,1,a2_0,2,5056.0,28.0,20.0,5084.0
job526,p4,2,a3_0,1,5098.0,14.0,10.0,5112.0
job527,p2,1,a2_0,1,5084.0,11.0,20.0,5095.0
job527,p2,2,a3_0,2,5112.0,6.0,10.0,5118.0
job528,p3,1,a1_0,2,5261.0,25.0,20.0,5286.0
job528,p3,2,a3_0,2,5302.0,13.0,10.0,5315.0
job529,p1,1,a1_0,1,5286.0,12.0,20.0,5298.0
job529,p1,2,a3_0,1,5315.0,7.0,10.0,5322.0
job530,p2,1,a2_0,1,5095.0,29.0,20.0,5124.0
job530,p2,2,a3_0,2,5144.0,14.0,10.0,5158.0
job531,p4,1,a2_0,2,5124.0,13.0,20.0,5137.0
job531,p4,2,a3_0,1,5162.0,14.0,10.0,5176.0
job532,p4,1,a2_0,2,5137.0,21.0,20.0,5158.0
job532,p4,2,a3_0,1,5182.0,5.0,10.0,5187.0
job533,p3,1,a1_0,2,5298.0,14.0,20.0,5312.0
job533,p3,2,a3_0,2,5330.0,12.0,10.0,5342.0
job534,p4,1,a2_0,2,5158.0,24.0,20.0,5182.0
job534,p4,2,a3_0,1,5206.0,6.0,10.0,5212.0
job535,p2,1,a2_0,1,5182.0,17.0,20.0,5199.0
job535,p2,2,a3_0,2,5212.0,5.0,10.0,5217.0
job536,p2,1,a2_0,1,5199.0,34.0,20.0,5233.0
job536,p2,2,a3_0,2,5239.0,6.0,10.0,5245.0
job537,p3,1,a1_0,2,5312.0,26.0,20.0,5338.0
job537,p3,2,a3_0,2,5355.0,15.0,10.0,5370.0
job538,p1,1,a1_0,1,5338.0,17.0,20.0,5355.0
job538,p1,2,a3_0,1,5370.0,7.0,10.0,5377.0
job539,p2,1,a2_0,1,5233.0,25.0,20.0,5258.0
job539,p2,2,a3_0,2,5258.0,15.0,10.0,5273.0
job540,p1,1,a1_0,1,5355.0,29.0,20.0,5384.0
job540,p1,2,a3_0,1,5384.0,6.0,10.0,5390.0
job541,p1,1,a1_0,1,5384.0,30.0,20.0,5414.0
job541,p1,2,a3_0,1,5414.0,10.0,10.0,5424.0
job542,p1,1,a1_0,1,5414.0,28.0,20.0,5442.0
job542,p1,2,a3_0,1,5442.0,13.0,10.0,5455.0
job543,p1,1,a1_0,1,5442.0,25.0,20.0,5467.0
job543,p1,2,a3_0,1,5473.0,12.0,10.0,5485.0
job544,p1,1,a1_0,1,5467.0,33.0,20.0,5500.0
job544,p1,2,a3_0,1,5508.0,7.0,10.0,5515.0
job545,p1,1,a1_0,1,5500.0,29.0,20.0,5529.0
job545,p1,2,a3_0,1,5529.0,6.0,10.0,5535.0
job546,p2,1,a2_0,1,5258.0,25.0,20.0,5283.0
job546,p2,2,a3_0,2,5288.0,14.0,10.0,5302.0
job547,p1,1,a1_0,1,5529.0,30.0,20.0,5559.0
job547,p1,2,a3_0,1,5559.0,6.0,10.0,5565.0
job548,p1,1,a1_0,1,5559.0,23.0,20.0,5582.0
job548,p1,2,a3_0,1,5582.0,7.0,10.0,5589.0
job549,p2,1,a2_0,1,5283.0,23.0,20.0,5306.0
job549,p2,2,a3_0,2,5322.0,8.0,10.0,5330.0
job550,p3,1,a1_0,2,5582.0,13.0,20.0,5595.0
job550,p3,2,a3_0,2,5595.0,7.0,10.0,5602.0
job551,p2,1,a2_0,1,5306.0,30.0,20.0,5336.0
job551,p2,2,a3_0,2,5342.0,13.0,10.0,5355.0
job552,p1,1,a1_0,1,5595.0,14.0,20.0,5609.0
job552,p1,2,a3_0,1,5614.0,5.0,10.0,5619.0
job553,p2,1,a2_0,1,5336.0,24.0,20.0,5360.0
job553,p2,2,a3_0,2,5377.0,6.0,10.0,5383.0
job554,p1,1,a1_0,1,5609.0,24.0,20.0,5633.0
job554,p1,2,a3_0,1,5635.0,7.0,10.0,5642.0
job555,p2,1,a2_0,1,5360.0,30.0,20.0,5390.0
job555,p2,2,a3_0,2,5390.0,6.0,10.0,5396.0
job556,p4,1,a2_0,2,5390.0,14.0,20.0,5404.0
job556,p4,2,a3_0,1,5404.0,8.0,10.0,5412.0
job557,p1,1,a1_0,1,5633.0,28.0,20.0,5661.0
job557,p1,2,a3_0,1,5661.0,13.0,10.0,5674.0
job558,p1,1,a1_0,1,5661.0,24.0,20.0,5685.0
job558,p1,2,a3_0,1,5696.0,6.0,10.0,5702.0
job559,p1,1,a1_0,1,5685.0,27.0,20.0,5712.0
job559,p1,2,a3_0,1,5717.0,9.0,10.0,5726.0
job560,p2,1,a2_0,1,5404.0,12.0,20.0,5416.0
job560,p2,2,a3_0,2,5424.0,6.0,10.0,5430.0
job561,p1,1,a1_0,1,5712.0,21.0,20.0,5733.0
job561,p1,2,a3_0,1,5739.0,5.0,10.0,5744.0
job562,p1,1,a1_0,1,5733.0,21.0,20.0,5754.0
job562,p1,2,a3_0,1,5756.0,15.0,10.0,5771.0
job563,p4,1,a2_0,2,5416.0,14.0,20.0,5430.0
job563,p4,2,a3_0,1,5430.0,6.0,10.0,5436.0
job564,p4,1,a2_0,2,5430.0,29.0,20.0,5459.0
job564,p4,2,a3_0,1,5459.0,14.0,10.0,5473.0
job565,p2,1,a2_0,1,5459.0,13.0,20.0,5472.0
job565,p2,2,a3_0,2,5485.0,7.0,10.0,5492.0
job566,p1,1,a1_0,1,5754.0,19.0,20.0,5773.0
job566,p1,2,a3_0,1,5780.0,6.0,10.0,5786.0
job567,p3,1,a1_0,2,5773.0,10.0,20.0,5783.0
job567,p3,2,a3_0,2,5799.0,8.0,10.0,5807.0
job568,p1,1,a1_0,1,5783.0,11.0,20.0,5794.0
job568,p1,2,a3_0,1,5819.0,9.0,10.0,5828.0
job569,p4,1,a2_0,2,5472.0,14.0,20.0,5486.0
job569,p4,2,a3_0,1,5492.0,10.0,10.0,5502.0
job570,p3,1,a1_0,2,5794.0,17.0,20.0,5811.0
job570,p3,2,a3_0,2,5842.0,7.0,10.0,5849.0
job571,p2,1,a2_0,1,5486.0,12.0,20.0,5498.0
job571,p2,2,a3_0,2,5502.0,6.0,10.0,5508.0
job572,p2,1,a2_0,1,5498.0,23.0,20.0,5521.0
job572,p2,2,a3_0,2,5521.0,7.0,10.0,5528.0
job573,p3,1,a1_0,2,5811.0,27.0,20.0,5838.0
job573,p3,2,a3_0,2,5855.0,6.0,10.0,5861.0
job574,p4,1,a2_0,2,5521.0,9.0,20.0,5530.0
job574,p4,2,a3_0,1,5535.0,12.0,10.0,5547.0
job575,p1,1,a1_0,1,5838.0,22.0,20.0,5860.0
job575,p1,2,a3_0,1,5868.0,13.0,10.0,5881.0
job576,p1,1,a1_0,1,5860.0,21.0,20.0,5881.0
job576,p1,2,a3_0,1,5892.0,7.0,10.0,5899.0
job577,p1,1,a1_0,1,5881.0,22.0,20.0,5903.0
job577,p1,2,a3_0,1,5903.0,8.0,10.0,5911.0
job578,p3,1,a1_0,2,5903.0,14.0,20.0,5917.0
job578,p3,2,a3_0,2,5923.0,7.0,10.0,5930.0
job579,p2,1,a2_0,1,5530.0,14.0,20.0,5544.0
job579,p2,2,a3_0,2,5547.0,6.0,10.0,5553.0
job580,p3,1,a1_0,2,5917.0,26.0,20.0,5943.0
job580,p3,2,a3_0,2,5943.0,7.0,10.0,5950.0
job581,p3,1,a1_0,2,5943.0,31.0,20.0,5974.0
job581,p3,2,a3_0,2,5974.0,14.0,10.0,5988.0
job582,p3,1,a1_0,2,5974.0,28.0,20.0,6002.0
job582,p3,2,a3_0,2,6004.0,10.0,10.0,6014.0
job583,p2,1,a2_0,1,5544.0,31.0,20.0,5575.0
job583,p2,2,a3_0,2,5575.0,5.0,10.0,5580.0
job584,p2,1,a2_0,1,5575.0,26.0,20.0,5601.0
job584,p2,2,a3_0,2,5602.0,12.0,10.0,5614.0
job585,p2,1,a2_0,1,5601.0,26.0,20.0,5627.0
job585,p2,2,a3_0,2,5627.0,8.0,10.0,5635.0
job586,p3,1,a1_0,2,6002.0,21.0,20.0,6023.0
job586,p3,2,a3_0,2,6036.0,14.0,10.0,6050.0
job587,p3,1,a1_0,2,6023.0,23.0,20.0,6046.0
job587,p3,2,a3_0,2,6055.0,5.0,10.0,6060.0
job588,p3,1,a1_0,2,6046.0,27.0,20.0,6073.0
job588,p3,2,a3_0,2,6081.0,9.0,10.0,6090.0
job589,p1,1,a1_0,1,6073.0,14.0,20.0,6087.0
job589,p1,2,a3_0,1,6103.0,5.0,10.0,6108.0
job590,p1,1,a1_0,1,6087.0,26.0,20.0,6113.0
job590,p1,2,a3_0,1,6121.0,11.0,10.0,6132.0
job591,p4,1,a2_0,2,5627.0,14.0,20.0,5641.0
job591,p4,2,a3_0,1,5642.0,11.0,10.0,5653.0
job592,p3,1,a1_0,2,6113.0,16.0,20.0,6129.0
job592,p3,2,a3_0,2,6145.0,6.0,10.0,6151.0
job593,p3,1,a1_0,2,6129.0,26.0,20.0,6155.0
job593,p3,2,a3_0,2,6157.0,8.0,10.0,6165.0
job594,p1,1,a1_0,1,6155.0,13.0,20.0,6168.0
job594,p1,2,a3_0,1,6174.0,12.0,10.0,6186.0
job595,p1,1,a1_0,1,6168.0,25.0,20.0,6193.0
job595,p1,2,a3_0,1,6205.0,13.0,10.0,6218.0
job596,p4,1,a2_0,2,5641.0,25.0,20.0,5666.0
job596,p4,2,a3_0,1,5674.0,13.0,10.0,5687.0
job597,p2,1,a2_0,1,5666.0,11.0,20.0,5677.0
job597,p2,2,a3_0,2,5687.0,9.0,10.0,5696.0
job598,p3,1,a1_0,2,6193.0,17.0,20.0,6210.0
job598,p3,2,a3_0,2,6218.0,7.0,10.0,6225.0
job599,p1,1,a1_0,1,6210.0,15.0,20.0,6225.0
job599,p1,2,a3_0,1,6231.0,12.0,10.0,6243.0
job600,p2,1,a2_0,1,5677.0,30.0,20.0,5707.0
job600,p2,2,a3_0,2,5707.0,10.0,10.0,5717.0
job601,p1,1,a1_0,1,6225.0,28.0,20.0,6253.0
job601,p1,2,a3_0,1,6255.0,13.0,10.0,6268.0
job602,p1,1,a1_0,1,6253.0,29.0,20.0,6282.0
job602,p1,2,a3_0,1,6287.0,13.0,10.0,6300.0
job603,p2,1,a2_0,1,5707.0,25.0,20.0,5732.0
job603,p2,2,a3_0,2,5732.0,7.0,10.0,5739.0
job604,p4,1,a2_0,2,5732.0,12.0,20.0,5744.0
job604,p4,2,a3_0,1,5744.0,12.0,10.0,5756.0
job605,p2,1,a2_0,1,5744.0,20.0,20.0,5764.0
job605,p2,2,a3_0,2,5771.0,9.0,10.0,5780.0
job606,p3,1,a1_0,2,6282.0,13.0,20.0,6295.0
job606,p3,2,a3_0,2,6307.0,15.0,10.0,6322.0
job607,p3,1,a1_0,2,6295.0,27.0,20.0,6322.0
job607,p3,2,a3_0,2,6335.0,11.0,10.0,6346.0
job608,p4,1,a2_0,2,5764.0,15.0,20.0,5779.0
job608,p4,2,a3_0,1,5786.0,13.0,10.0,5799.0
job609,p3,1,a1_0,2,6322.0,26.0,20.0,6348.0
job609,p3,2,a3_0,2,6356.0,7.0,10.0,6363.0
job610,p2,1,a2_0,1,5779.0,15.0,20.0,5794.0
job610,p2,2,a3_0,2,5807.0,12.0,10.0,5819.0
job611,p4,1,a2_0,2,5794.0,11.0,20.0,5805.0
job611,p4,2,a3_0,1,5828.0,14.0,10.0,5842.0
job612,p4,1,a2_0,2,5805.0,26.0,20.0,5831.0
job612,p4,2,a3_0,1,5849.0,6.0,10.0,5855.0
job613,p4,1,a2_0,2,5831.0,24.0,20.0,5855.0
job613,p4,2,a3_0,1,5861.0,7.0,10.0,5868.0
job614,p1,1,a1_0,1,6348.0,15.0,20.0,6363.0
job614,p1,2,a3_0,1,6368.0,13.0,10.0,6381.0
job615,p2,1,a2_0,1,5855.0,17.0,20.0,5872.0
job615,p2,2,a3_0,2,5881.0,11.0,10.0,5892.0
job616,p2,1,a2_0,1,5872.0,22.0,20.0,5894.0
job616,p2,2,a3_0,2,5899.0,4.0,10.0,5903.0
job617,p4,1,a2_0,2,5894.0,12.0,20.0,5906.0
job617,p4,2,a3_0,1,5911.0,12.0,10.0,5923.0
job618,p3,1,a1_0,2,6363.0,16.0,20.0,6379.0
job618,p3,2,a3_0,2,6388.0,17.0,10.0,6405.0
job619,p1,1,a1_0,1,6379.0,15.0,20.0,6394.0
job619,p1,2,a3_0,1,6412.0,11.0,10.0,6423.0
job620,p1,1,a1_0,1,6394.0,27.0,20.0,6421.0
job620,p1,2,a3_0,1,6437.0,12.0,10.0,6449.0
job621,p4,1,a2_0,2,5906.0,25.0,20.0,5931.0
job621,p4,2,a3_0,1,5931.0,6.0,10.0,5937.0
job622,p1,1,a1_0,1,6421.0,25.0,20.0,6446.0
job622,p1,2,a3_0,1,6461.0,15.0,10.0,6476.0
job623,p1,1,a1_0,1,6446.0,21.0,20.0,6467.0
job623,p1,2,a3_0,1,6476.0,14.0,10.0,6490.0
job624,p3,1,a1_0,2,6467.0,14.0,20.0,6481.0
job624,p3,2,a3_0,2,6503.0,6.0,10.0,6509.0
job625,p1,1,a1_0,1,6481.0,16.0,20.0,6497.0
job625,p1,2,a3_0,1,6509.0,6.0,10.0,6515.0
job626,p4,1,a2_0,2,5931.0,26.0,20.0,5957.0
job626,p4,2,a3_0,1,5957.0,6.0,10.0,5963.0
job627,p2,1,a2_0,1,5957.0,10.0,20.0,5967.0
job627,p2,2,a3_0,2,5967.0,6.0,10.0,5973.0
job628,p2,1,a2_0,1,5967.0,24.0,20.0,5991.0
job628,p2,2,a3_0,2,5991.0,13.0,10.0,6004.0
job629,p2,1,a2_0,1,5991.0,30.0,20.0,6021.0
job629,p2,2,a3_0,2,6021.0,15.0,10.0,6036.0
job630,p4,1,a2_0,2,6021.0,14.0,20.0,6035.0
job630,p4,2,a3_0,1,6050.0,5.0,10.0,6055.0
job631,p1,1,a1_0,1,6497.0,25.0,20.0,6522.0
job631,p1,2,a3_0,1,6540.0,13.0,10.0,6553.0
job632,p2,1,a2_0,1,6035.0,19.0,20.0,6054.0
job632,p2,2,a3_0,2,6060.0,13.0,10.0,6073.0
job633,p4,1,a2_0,2,6054.0,10.0,20.0,6064.0
job633,p4,2,a3_0,1,6073.0,8.0,10.0,6081.0
job634,p3,1,a1_0,2,6522.0,12.0,20.0,6534.0
job634,p3,2,a3_0,2,6559.0,13.0,10.0,6572.0
job635,p1,1,a1_0,1,6534.0,16.0,20.0,6550.0
job635,p1,2,a3_0,1,6579.0,16.0,10.0,6595.0
job636,p1,1,a1_0,1,6550.0,23.0,20.0,6573.0
job636,p1,2,a3_0,1,6609.0,11.0,10.0,6620.0
job637,p3,1,a1_0,2,6573.0,14.0,20.0,6587.0
job637,p3,2,a3_0,2,6620.0,7.0,10.0,6627.0
job638,p2,1,a2_0,1,6064.0,16.0,20.0,6080.0
job638,p2,2,a3_0,2,6090.0,13.0,10.0,6103.0
job639,p1,1,a1_0,1,6587.0,20.0,20.0,6607.0
job639,p1,2,a3_0,1,6637.0,7.0,10.0,6644.0
job640,p3,1,a1_0,2,6607.0,14.0,20.0,6621.0
job640,p3,2,a3_0,2,6651.0,14.0,10.0,6665.0
job641,p4,1,a2_0,2,6080.0,9.0,20.0,6089.0
job641,p4,2,a3_0,1,6108.0,13.0,10.0,6121.0
job642,p3,1,a1_0,2,6621.0,25.0,20.0,6646.0
job642,p3,2,a3_0,2,6671.0,6.0,10.0,6677.0
job643,p3,1,a1_0,2,6646.0,23.0,20.0,6669.0
job643,p3,2,a3_0,2,6691.0,15.0,10.0,6706.0
job644,p4,1,a2_0,2,6089.0,24.0,20.0,6113.0
job644,p4,2,a3_0,1,6132.0,13.0,10.0,6145.0
job645,p4,1,a2_0,2,6113.0,24.0,20.0,6137.0
job645,p4,2,a3_0,1,6151.0,6.0,10.0,6157.0
job646,p1,1,a1_0,1,6669.0,11.0,20.0,6680.0
job646,p1,2,a3_0,1,6719.0,10.0,10.0,6729.0
job647,p1,1,a1_0,1,6680.0,29.0,20.0,6709.0
job647,p1,2,a3_0,1,6735.0,7.0,10.0,6742.0
job648,p1,1,a1_0,1,6709.0,29.0,20.0,6738.0
job648,p1,2,a3_0,1,6774.0,12.0,10.0,6786.0
job649,p4,1,a2_0,2,6137.0,25.0,20.0,6162.0
job649,p4,2,a3_0,1,6165.0,9.0,10.0,6174.0
job650,p4,1,a2_0,2,6162.0,29.0,20.0,6191.0
job650,p4,2,a3_0,1,6191.0,14.0,10.0,6205.0
job651,p1,1,a1_0,1,6738.0,23.0,20.0,6761.0
job651,p1,2,a3_0,1,6798.0,12.0,10.0,6810.0
job652,p4,1,a2_0,2,6191.0,26.0,20.0,6217.0
job652,p4,2,a3_0,1,6225.0,6.0,10.0,6231.0
job653,p1,1,a1_0,1,6761.0,35.0,20.0,6796.0
job653,p1,2,a3_0,1,6825.0,12.0,10.0,6837.0
job654,p4,1,a2_0,2,6217.0,26.0,20.0,6243.0
job654,p4,2,a3_0,1,6243.0,12.0,10.0,6255.0
job655,p1,1,a1_0,1,6796.0,23.0,20.0,6819.0
job655,p1,2,a3_0,1,6846.0,14.0,10.0,6860.0
job656,p4,1,a2_0,2,6243.0,30.0,20.0,6273.0
job656,p4,2,a3_0,1,6273.0,14.0,10.0,6287.0
job657,p3,1,a1_0,2,6819.0,12.0,20.0,6831.0
job657,p3,2,a3_0,2,6866.0,12.0,10.0,6878.0
job658,p2,1,a2_0,1,6273.0,16.0,20.0,6289.0
job658,p2,2,a3_0,2,6300.0,7.0,10.0,6307.0
job659,p3,1,a1_0,2,6831.0,24.0,20.0,6855.0
job659,p3,2,a3_0,2,6878.0,14.0,10.0,6892.0
job660,p3,1,a1_0,2,6855.0,28.0,20.0,6883.0
job660,p3,2,a3_0,2,6910.0,6.0,10.0,6916.0
job661,p1,1,a1_0,1,6883.0,14.0,20.0,6897.0
job661,p1,2,a3_0,1,6930.0,8.0,10.0,6938.0
job662,p1,1,a1_0,1,6897.0,26.0,20.0,6923.0
job662,p1,2,a3_0,1,6945.0,8.0,10.0,6953.0
job663,p3,1,a1_0,2,6923.0,15.0,20.0,6938.0
job663,p3,2,a3_0,2,6967.0,7.0,10.0,6974.0
job664,p2,1,a2_0,1,6289.0,24.0,20.0,6313.0
job664,p2,2,a3_0,2,6322.0,13.0,10.0,6335.0
job665,p4,1,a2_0,2,6313.0,18.0,20.0,6331.0
job665,p4,2,a3_0,1,6346.0,10.0,10.0,6356.0
job666,p1,1,a1_0,1,6938.0,16.0,20.0,6954.0
job666,p1,2,a3_0,1,6974.0,5.0,10.0,6979.0
job667,p1,1,a1_0,1,6954.0,25.0,20.0,6979.0
job667,p1,2,a3_0,1,6997.0,6.0,10.0,7003.0
job668,p4,1,a2_0,2,6331.0,25.0,20.0,6356.0
job668,p4,2,a3_0,1,6363.0,5.0,10.0,6368.0
job669,p3,1,a1_0,2,6979.0,16.0,20.0,6995.0
job669,p3,2,a3_0,2,7003.0,8.0,10.0,7011.0
job670,p2,1,a2_0,1,6356.0,17.0,20.0,6373.0
job670,p2,2,a3_0,2,6381.0,7.0,10.0,6388.0
job671,p4,1,a2_0,2,6373.0,19.0,20.0,6392.0
job671,p4,2,a3_0,1,6405.0,7.0,10.0,6412.0
job672,p4,1,a2_0,2,6392.0,23.0,20.0,6415.0
job672,p4,2,a3_0,1,6423.0,14.0,10.0,6437.0
job673,p4,1,a2_0,2,6415.0,22.0,20.0,6437.0
job673,p4,2,a3_0,1,6449.0,12.0,10.0,6461.0
job674,p4,1,a2_0,2,6437.0,32.0,20.0,6469.0
job674,p4,2,a3_0,1,6490.0,13.0,10.0,6503.0
job675,p4,1,a2_0,2,6469.0,29.0,20.0,6498.0
job675,p4,2,a3_0,1,6515.0,13.0,10.0,6528.0
job676,p4,1,a2_0,2,6498.0,23.0,20.0,6521.0
job676,p4,2,a3_0,1,6528.0,12.0,10.0,6540.0
job677,p3,1,a1_0,2,6995.0,26.0,20.0,7021.0
job677,p3,2,a3_0,2,7037.0,11.0,10.0,7048.0
job678,p1,1,a1_0,1,7021.0,11.0,20.0,7032.0
job678,p1,2,a3_0,1,7048.0,6.0,10.0,7054.0
job679,p2,1,a2_0,1,6521.0,11.0,20.0,6532.0
job679,p2,2,a3_0,2,6553.0,6.0,10.0,6559.0
job680,p4,1,a2_0,2,6532.0,15.0,20.0,6547.0
job680,p4,2,a3_0,1,6572.0,7.0,10.0,6579.0
job681,p1,1,a1_0,1,7032.0,28.0,20.0,7060.0
job681,p1,2,a3_0,1,7068.0,14.0,10.0,7082.0
job682,p3,1,a1_0,2,7060.0,14.0,20.0,7074.0
job682,p3,2,a3_0,2,7096.0,5.0,10.0,7101.0
job683,p3,1,a1_0,2,7074.0,28.0,20.0,7102.0
job683,p3,2,a3_0,2,7121.0,7.0,10.0,7128.0
job684,p1,1,a1_0,1,7102.0,15.0,20.0,7117.0
job684,p1,2,a3_0,1,7142.0,8.0,10.0,7150.0
job685,p3,1,a1_0,2,7117.0,14.0,20.0,7131.0
job685,p3,2,a3_0,2,7160.0,7.0,10.0,7167.0
job686,p3,1,a1_0,2,7131.0,25.0,20.0,7156.0
job686,p3,2,a3_0,2,7187.0,6.0,10.0,7193.0
job687,p3,1,a1_0,2,7156.0,27.0,20.0,7183.0
job687,p3,2,a3_0,2,7209.0,14.0,10.0,7223.0
job688,p3,1,a1_0,2,7183.0,25.0,20.0,7208.0
job688,p3,2,a3_0,2,7239.0,13.0,10.0,7252.0
job689,p1,1,a1_0,1,7208.0,18.0,20.0,7226.0
job689,p1,2,a3_0,1,7252.0,7.0,10.0,7259.0
job690,p1,1,a1_0,1,7226.0,28.0,20.0,7254.0
job690,p1,2,a3_0,1,7270.0,11.0,10.0,7281.0
job691,p3,1,a1_0,2,7254.0,17.0,20.0,7271.0
job691,p3,2,a3_0,2,7281.0,5.0,10.0,7286.0
job692,p1,1,a1_0,1,7271.0,17.0,20.0,7288.0
job692,p1,2,a3_0,1,7292.0,12.0,10.0,7304.0
job693,p2,1,a2_0,1,6547.0,12.0,20.0,6559.0
job693,p2,2,a3_0,2,6595.0,8.0,10.0,6603.0
job694,p4,1,a2_0,2,6559.0,11.0,20.0,6570.0
job694,p4,2,a3_0,1,6603.0,6.0,10.0,6609.0
job695,p1,1,a1_0,1,7288.0,26.0,20.0,7314.0
job695,p1,2,a3_0,1,7317.0,10.0,10.0,7327.0
job696,p3,1,a1_0,2,7314.0,12.0,20.0,7326.0
job696,p3,2,a3_0,2,7339.0,9.0,10.0,7348.0
job697,p2,1,a2_0,1,6570.0,22.0,20.0,6592.0
job697,p2,2,a3_0,2,6627.0,10.0,10.0,6637.0
job698,p2,1,a2_0,1,6592.0,24.0,20.0,6616.0
job698,p2,2,a3_0,2,6644.0,7.0,10.0,6651.0
job699,p3,1,a1_0,2,7326.0,25.0,20.0,7351.0
job699,p3,2,a3_0,2,7359.0,13.0,10.0,7372.0
job700,p1,1,a1_0,1,7351.0,13.0,20.0,7364.0
job700,p1,2,a3_0,1,7379.0,12.0,10.0,7391.0
job701,p4,1,a2_0,2,6616.0,15.0,20.0,6631.0
job701,p4,2,a3_0,1,6665.0,6.0,10.0,6671.0
job702,p3,1,a1_0,2,7364.0,17.0,20.0,7381.0
job702,p3,2,a3_0,2,7395.0,12.0,10.0,7407.0
job703,p3,1,a1_0,2,7381.0,22.0,20.0,7403.0
job703,p3,2,a3_0,2,7407.0,10.0,10.0,7417.0
job704,p1,1,a1_0,1,7403.0,13.0,20.0,7416.0
job704,p1,2,a3_0,1,7430.0,7.0,10.0,7437.0
job705,p1,1,a1_0,1,7416.0,28.0,20.0,7444.0
job705,p1,2,a3_0,1,7448.0,13.0,10.0,7461.0
job706,p2,1,a2_0,1,6631.0,16.0,20.0,6647.0
job706,p2,2,a3_0,2,6677.0,14.0,10.0,6691.0
job707,p3,1,a1_0,2,7444.0,23.0,20.0,7467.0
job707,p3,2,a3_0,2,7478.0,7.0,10.0,7485.0
job708,p3,1,a1_0,2,7467.0,36.0,20.0,7503.0
job708,p3,2,a3_0,2,7503.0,7.0,10.0,7510.0
job709,p3,1,a1_0,2,7503.0,29.0,20.0,7532.0
job709,p3,2,a3_0,2,7532.0,12.0,10.0,7544.0
job710,p1,1,a1_0,1,7532.0,13.0,20.0,7545.0
job710,p1,2,a3_0,1,7551.0,10.0,10.0,7561.0
job711,p2,1,a2_0,1,6647.0,26.0,20.0,6673.0
job711,p2,2,a3_0,2,6706.0,13.0,10.0,6719.0
job712,p2,1,a2_0,1,6673.0,25.0,20.0,6698.0
job712,p2,2,a3_0,2,6729.0,6.0,10.0,6735.0
job713,p4,1,a2_0,2,6698.0,12.0,20.0,6710.0
job713,p4,2,a3_0,1,6742.0,14.0,10.0,6756.0
job714,p3,1,a1_0,2,7545.0,11.0,20.0,7556.0
job714,p3,2,a3_0,2,7561.0,7.0,10.0,7568.0
job715,p3,1,a1_0,2,7556.0,24.0,20.0,7580.0
job715,p3,2,a3_0,2,7580.0,4.0,10.0,7584.0
job716,p3,1,a1_0,2,7580.0,25.0,20.0,7605.0
job716,p3,2,a3_0,2,7605.0,6.0,10.0,7611.0
job717,p2,1,a2_0,1,6710.0,14.0,20.0,6724.0
job717,p2,2,a3_0,2,6756.0,7.0,10.0,6763.0
job718,p4,1,a2_0,2,6724.0,11.0,20.0,6735.0
job718,p4,2,a3_0,1,6763.0,11.0,10.0,6774.0
job719,p1,1,a1_0,1,7605.0,11.0,20.0,7616.0
job719,p1,2,a3_0,1,7623.0,8.0,10.0,7631.0
job720,p1,1,a1_0,1,7616.0,29.0,20.0,7645.0
job720,p1,2,a3_0,1,7653.0,8.0,10.0,7661.0
job721,p1,1,a1_0,1,7645.0,28.0,20.0,7673.0
job721,p1,2,a3_0,1,7675.0,12.0,10.0,7687.0
job722,p3,1,a1_0,2,7673.0,9.0,20.0,7682.0
job722,p3,2,a3_0,2,7700.0,5.0,10.0,7705.0
job723,p4,1,a2_0,2,6735.0,24.0,20.0,6759.0
job723,p4,2,a3_0,1,6786.0,12.0,10.0,6798.0
job724,p3,1,a1_0,2,7682.0,25.0,20.0,7707.0
job724,p3,2,a3_0,2,7712.0,4.0,10.0,7716.0
job725,p1,1,a1_0,1,7707.0,13.0,20.0,7720.0
job725,p1,2,a3_0,1,7732.0,7.0,10.0,7739.0
job726,p2,1,a2_0,1,6759.0,15.0,20.0,6774.0
job726,p2,2,a3_0,2,6810.0,7.0,10.0,6817.0
job727,p4,1,a2_0,2,6774.0,11.0,20.0,6785.0
job727,p4,2,a3_0,1,6817.0,8.0,10.0,6825.0
job728,p4,1,a2_0,2,6785.0,24.0,20.0,6809.0
job728,p4,2,a3_0,1,6837.0,9.0,10.0,6846.0
job729,p3,1,a1_0,2,7720.0,9.0,20.0,7729.0
job729,p3,2,a3_0,2,7739.0,5.0,10.0,7744.0
job730,p1,1,a1_0,1,7729.0,16.0,20.0,7745.0
job730,p1,2,a3_0,1,7751.0,13.0,10.0,7764.0
job731,p2,1,a2_0,1,6809.0,16.0,20.0,6825.0
job731,p2,2,a3_0,2,6860.0,6.0,10.0,6866.0
job732,p1,1,a1_0,1,7745.0,25.0,20.0,7770.0
job732,p1,2,a3_0,1,7776.0,12.0,10.0,7788.0
job733,p3,1,a1_0,2,7770.0,16.0,20.0,7786.0
job733,p3,2,a3_0,2,7795.0,14.0,10.0,7809.0
job734,p3,1,a1_0,2,7786.0,25.0,20.0,7811.0
job734,p3,2,a3_0,2,7821.0,13.0,10.0,7834.0
job735,p2,1,a2_0,1,6825.0,31.0,20.0,6856.0
job735,p2,2,a3_0,2,6892.0,13.0,10.0,6905.0
job736,p4,1,a2_0,2,6856.0,16.0,20.0,6872.0
job736,p4,2,a3_0,1,6905.0,5.0,10.0,6910.0
job737,p2,1,a2_0,1,6872.0,15.0,20.0,6887.0
job737,p2,2,a3_0,2,6916.0,14.0,10.0,6930.0
job738,p3,1,a1_0,2,7811.0,30.0,20.0,7841.0
job738,p3,2,a3_0,2,7848.0,12.0,10.0,7860.0
job739,p1,1,a1_0,1,7841.0,15.0,20.0,7856.0
job739,p1,2,a3_0,1,7860.0,11.0,10.0,7871.0
job740,p2,1,a2_0,1,6887.0,28.0,20.0,6915.0
job740,p2,2,a3_0,2,6938.0,7.0,10.0,6945.0
job741,p1,1,a1_0,1,7856.0,29.0,20.0,7885.0
job741,p1,2,a3_0,1,7885.0,15.0,10.0,7900.0
job742,p1,1,a1_0,1,7885.0,28.0,20.0,7913.0
job742,p1,2,a3_0,1,7917.0,14.0,10.0,7931.0
job743,p4,1,a2_0,2,6915.0,16.0,20.0,6931.0
job743,p4,2,a3_0,1,6953.0,14.0,10.0,6967.0
job744,p4,1,a2_0,2,6931.0,25.0,20.0,6956.0
job744,p4,2,a3_0,1,6979.0,13.0,10.0,6992.0
job745,p2,1,a2_0,1,6956.0,10.0,20.0,6966.0
job745,p2,2,a3_0,2,6992.0,5.0,10.0,6997.0
job746,p2,1,a2_0,1,6966.0,31.0,20.0,6997.0
job746,p2,2,a3_0,2,7011.0,13.0,10.0,7024.0
job747,p2,1,a2_0,1,6997.0,23.0,20.0,7020.0
job747,p2,2,a3_0,2,7024.0,13.0,10.0,7037.0
job748,p4,1,a2_0,2,7020.0,16.0,20.0,7036.0
job748,p4,2,a3_0,1,7054.0,14.0,10.0,7068.0
job749,p3,1,a1_0,2,7913.0,15.0,20.0,7928.0
job749,p3,2,a3_0,2,7945.0,6.0,10.0,7951.0
job750,p1,1,a1_0,1,7928.0,14.0,20.0,7942.0
job750,p1,2,a3_0,1,7963.0,7.0,10.0,7970.0
job751,p3,1,a1_0,2,7942.0,12.0,20.0,7954.0
job751,p3,2,a3_0,2,7970.0,6.0,10.0,7976.0
job752,p3,1,a1_0,2,7954.0,26.0,20.0,7980.0
job752,p3,2,a3_0,2,7991.0,12.0,10.0,8003.0
job753,p3,1,a1_0,2,7980.0,29.0,20.0,8009.0
job753,p3,2,a3_0,2,8029.0,6.0,10.0,8035.0
job754,p3,1,a1_0,2,8009.0,22.0,20.0,8031.0
job754,p3,2,a3_0,2,8049.0,10.0,10.0,8059.0
job755,p4,1,a2_0,2,7036.0,24.0,20.0,7060.0
job755,p4,2,a3_0,1,7082.0,14.0,10.0,7096.0
job756,p3,1,a1_0,2,8031.0,29.0,20.0,8060.0
job756,p3,2,a3_0,2,8070.0,13.0,10.0,8083.0
job757,p2,1,a2_0,1,7060.0,20.0,20.0,7080.0
job757,p2,2,a3_0,2,7101.0,12.0,10.0,7113.0
job758,p1,1,a1_0,1,8060.0,15.0,20.0,8075.0
job758,p1,2,a3_0,1,8096.0,8.0,10.0,8104.0
job759,p4,1,a2_0,2,7080.0,19.0,20.0,7099.0
job759,p4,2,a3_0,1,7113.0,8.0,10.0,7121.0
job760,p2,1,a2_0,1,7099.0,10.0,20.0,7109.0
job760,p2,2,a3_0,2,7128.0,14.0,10.0,7142.0
job761,p1,1,a1_0,1,8075.0,31.0,20.0,8106.0
job761,p1,2,a3_0,1,8109.0,6.0,10.0,8115.0
job762,p1,1,a1_0,1,8106.0,26.0,20.0,8132.0
job762,p1,2,a3_0,1,8137.0,4.0,10.0,8141.0
job763,p4,1,a2_0,2,7109.0,15.0,20.0,7124.0
job763,p4,2,a3_0,1,7150.0,10.0,10.0,7160.0
job764,p2,1,a2_0,1,7124.0,13.0,20.0,7137.0
job764,p2,2,a3_0,2,7167.0,11.0,10.0,7178.0
job765,p4,1,a2_0,2,7137.0,9.0,20.0,7146.0
job765,p4,2,a3_0,1,7178.0,9.0,10.0,7187.0
job766,p4,1,a2_0,2,7146.0,26.0,20.0,7172.0
job766,p4,2,a3_0,1,7193.0,8.0,10.0,7201.0
job767,p3,1,a1_0,2,8132.0,11.0,20.0,8143.0
job767,p3,2,a3_0,2,8152.0,5.0,10.0,8157.0
job768,p2,1,a2_0,1,7172.0,10.0,20.0,7182.0
job768,p2,2,a3_0,2,7201.0,8.0,10.0,7209.0
job769,p2,1,a2_0,1,7182.0,24.0,20.0,7206.0
job769,p2,2,a3_0,2,7223.0,16.0,10.0,7239.0
job770,p2,1,a2_0,1,7206.0,24.0,20.0,7230.0
job770,p2,2,a3_0,2,7259.0,6.0,10.0,7265.0
job771,p1,1,a1_0,1,8143.0,11.0,20.0,8154.0
job771,p1,2,a3_0,1,8157.0,7.0,10.0,8164.0
job772,p4,1,a2_0,2,7230.0,17.0,20.0,7247.0
job772,p4,2,a3_0,1,7265.0,5.0,10.0,7270.0
job773,p1,1,a1_0,1,8154.0,26.0,20.0,8180.0
job773,p1,2,a3_0,1,8182.0,13.0,10.0,8195.0
job774,p1,1,a1_0,1,8180.0,24.0,20.0,8204.0
job774,p1,2,a3_0,1,8204.0,10.0,10.0,8214.0
job775,p1,1,a1_0,1,8204.0,33.0,20.0,8237.0
job775,p1,2,a3_0,1,8237.0,9.0,10.0,8246.0
job776,p4,1,a2_0,2,7247.0,27.0,20.0,7274.0
job776,p4,2,a3_0,1,7286.0,6.0,10.0,7292.0
job777,p1,1,a1_0,1,8237.0,25.0,20.0,8262.0
job777,p1,2,a3_0,1,8262.0,10.0,10.0,8272.0
job778,p3,1,a1_0,2,8262.0,15.0,20.0,8277.0
job778,p3,2,a3_0,2,8278.0,14.0,10.0,8292.0
job779,p3,1,a1_0,2,8277.0,22.0,20.0,8299.0
job779,p3,2,a3_0,2,8310.0,13.0,10.0,8323.0
job780,p4,1,a2_0,2,7274.0,24.0,20.0,7298.0
job780,p4,2,a3_0,1,7304.0,13.0,10.0,7317.0
job781,p1,1,a1_0,1,8299.0,15.0,20.0,8314.0
job781,p1,2,a3_0,1,8323.0,5.0,10.0,8328.0
job782,p4,1,a2_0,2,7298.0,26.0,20.0,7324.0
job782,p4,2,a3_0,1,7327.0,12.0,10.0,7339.0
job783,p2,1,a2_0,1,7324.0,16.0,20.0,7340.0
job783,p2,2,a3_0,2,7348.0,11.0,10.0,7359.0
job784,p1,1,a1_0,1,8314.0,25.0,20.0,8339.0
job784,p1,2,a3_0,1,8344.0,5.0,10.0,8349.0
job785,p4,1,a2_0,2,7340.0,16.0,20.0,7356.0
job785,p4,2,a3_0,1,7372.0,7.0,10.0,7379.0
job786,p3,1,a1_0,2,8339.0,12.0,20.0,8351.0
job786,p3,2,a3_0,2,8362.0,7.0,10.0,8369.0
job787,p3,1,a1_0,2,8351.0,24.0,20.0,8375.0
job787,p3,2,a3_0,2,8389.0,6.0,10.0,8395.0
job788,p3,1,a1_0,2,8375.0,24.0,20.0,8399.0
job788,p3,2,a3_0,2,8408.0,13.0,10.0,8421.0
job789,p2,1,a2_0,1,7356.0,22.0,20.0,7378.0
job789,p2,2,a3_0,2,7391.0,4.0,10.0,7395.0
job790,p2,1,a2_0,1,7378.0,30.0,20.0,7408.0
job790,p2,2,a3_0,2,7417.0,13.0,10.0,7430.0
job791,p1,1,a1_0,1,8399.0,13.0,20.0,8412.0
job791,p1,2,a3_0,1,8429.0,13.0,10.0,8442.0
job792,p4,1,a2_0,2,7408.0,15.0,20.0,7423.0
job792,p4,2,a3_0,1,7437.0,11.0,10.0,7448.0
job793,p2,1,a2_0,1,7423.0,24.0,20.0,7447.0
job793,p2,2,a3_0,2,7461.0,8.0,10.0,7469.0
job794,p4,1,a2_0,2,7447.0,17.0,20.0,7464.0
job794,p4,2,a3_0,1,7469.0,9.0,10.0,7478.0
job795,p1,1,a1_0,1,8412.0,25.0,20.0,8437.0
job795,p1,2,a3_0,1,8453.0,13.0,10.0,8466.0
job796,p3,1,a1_0,2,8437.0,13.0,20.0,8450.0
job796,p3,2,a3_0,2,8466.0,5.0,10.0,8471.0
job797,p4,1,a2_0,2,7464.0,24.0,20.0,7488.0
job797,p4,2,a3_0,1,7488.0,5.0,10.0,7493.0
job798,p4,1,a2_0,2,7488.0,23.0,20.0,7511.0
job798,p4,2,a3_0,1,7511.0,9.0,10.0,7520.0
job799,p2,1,a2_0,1,7511.0,12.0,20.0,7523.0
job799,p2,2,a3_0,2,7523.0,7.0,10.0,7530.0
job800,p3,1,a1_0,2,8450.0,28.0,20.0,8478.0
job800,p3,2,a3_0,2,8478.0,8.0,10.0,8486.0
job801,p1,1,a1_0,1,8478.0,21.0,20.0,8499.0
job801,p1,2,a3_0,1,8504.0,6.0,10.0,8510.0
job802,p4,1,a2_0,2,7523.0,13.0,20.0,7536.0
job802,p4,2,a3_0,1,7544.0,7.0,10.0,7551.0
job803,p4,1,a2_0,2,7536.0,30.0,20.0,7566.0
job803,p4,2,a3_0,1,7568.0,6.0,10.0,7574.0
job804,p4,1,a2_0,2,7566.0,22.0,20.0,7588.0
job804,p4,2,a3_0,1,7588.0,7.0,10.0,7595.0
job805,p3,1,a1_0,2,8499.0,19.0,20.0,8518.0
job805,p3,2,a3_0,2,8518.0,7.0,10.0,8525.0
job806,p1,1,a1_0,1,8518.0,15.0,20.0,8533.0
job806,p1,2,a3_0,1,8537.0,9.0,10.0,8546.0
job807,p2,1,a2_0,1,7588.0,18.0,20.0,7606.0
job807,p2,2,a3_0,2,7611.0,12.0,10.0,7623.0
job808,p4,1,a2_0,2,7606.0,14.0,20.0,7620.0
job808,p4,2,a3_0,1,7631.0,13.0,10.0,7644.0
job809,p2,1,a2_0,1,7620.0,12.0,20.0,7632.0
job809,p2,2,a3_0,2,7644.0,9.0,10.0,7653.0
job810,p3,1,a1_0,2,8533.0,17.0,20.0,8550.0
job810,p3,2,a3_0,2,8560.0,9.0,10.0,8569.0
job811,p4,1,a2_0,2,7632.0,17.0,20.0,7649.0
job811,p4,2,a3_0,1,7661.0,14.0,10.0,7675.0
job812,p4,1,a2_0,2,7649.0,28.0,20.0,7677.0
job812,p4,2,a3_0,1,7687.0,13.0,10.0,7700.0
job813,p3,1,a1_0,2,8550.0,31.0,20.0,8581.0
job813,p3,2,a3_0,2,8584.0,12.0,10.0,8596.0
job814,p3,1,a1_0,2,8581.0,24.0,20.0,8605.0
job814,p3,2,a3_0,2,8610.0,11.0,10.0,8621.0
job815,p3,1,a1_0,2,8605.0,24.0,20.0,8629.0
job815,p3,2,a3_0,2,8640.0,14.0,10.0,8654.0
job816,p1,1,a1_0,1,8629.0,11.0,20.0,8640.0
job816,p1,2,a3_0,1,8654.0,6.0,10.0,8660.0
job817,p4,1,a2_0,2,7677.0,29.0,20.0,7706.0
job817,p4,2,a3_0,1,7706.0,6.0,10.0,7712.0
job818,p2,1,a2_0,1,7706.0,12.0,20.0,7718.0
job818,p2,2,a3_0,2,7718.0,14.0,10.0,7732.0
job819,p4,1,a2_0,2,7718.0,13.0,20.0,7731.0
job819,p4,2,a3_0,1,7744.0,7.0,10.0,7751.0
job820,p4,1,a2_0,2,7731.0,30.0,20.0,7761.0
job820,p4,2,a3_0,1,7764.0,12.0,10.0,7776.0
job821,p2,1,a2_0,1,7761.0,17.0,20.0,7778.0
job821,p2,2,a3_0,2,7788.0,7.0,10.0,7795.0
job822,p1,1,a1_0,1,8640.0,31.0,20.0,8671.0
job822,p1,2,a3_0,1,8688.0,14.0,10.0,8702.0
job823,p3,1,a1_0,2,8671.0,11.0,20.0,8682.0
job823,p3,2,a3_0,2,8702.0,5.0,10.0,8707.0
job824,p3,1,a1_0,2,8682.0,27.0,20.0,8709.0
job824,p3,2,a3_0,2,8714.0,10.0,10.0,8724.0
job825,p4,1,a2_0,2,7778.0,14.0,20.0,7792.0
job825,p4,2,a3_0,1,7809.0,7.0,10.0,7816.0
job826,p1,1,a1_0,1,8709.0,17.0,20.0,8726.0
job826,p1,2,a3_0,1,8736.0,7.0,10.0,8743.0
job827,p2,1,a2_0,1,7792.0,18.0,20.0,7810.0
job827,p2,2,a3_0,2,7816.0,5.0,10.0,7821.0
job828,p3,1,a1_0,2,8726.0,17.0,20.0,8743.0
job828,p3,2,a3_0,2,8751.0,16.0,10.0,8767.0
job829,p4,1,a2_0,2,7810.0,13.0,20.0,7823.0
job829,p4,2,a3_0,1,7834.0,6.0,10.0,7840.0
job830,p1,1,a1_0,1,8743.0,11.0,20.0,8754.0
job830,p1,2,a3_0,1,8773.0,12.0,10.0,8785.0
job831,p2,1,a2_0,1,7823.0,10.0,20.0,7833.0
job831,p2,2,a3_0,2,7840.0,8.0,10.0,7848.0
job832,p2,1,a2_0,1,7833.0,26.0,20.0,7859.0
job832,p2,2,a3_0,2,7871.0,6.0,10.0,7877.0
job833,p3,1,a1_0,2,8754.0,15.0,20.0,8769.0
job833,p3,2,a3_0,2,8791.0,13.0,10.0,8804.0
job834,p3,1,a1_0,2,8769.0,27.0,20.0,8796.0
job834,p3,2,a3_0,2,8818.0,13.0,10.0,8831.0
job835,p3,1,a1_0,2,8796.0,26.0,20.0,8822.0
job835,p3,2,a3_0,2,8842.0,12.0,10.0,8854.0
job836,p4,1,a2_0,2,7859.0,16.0,20.0,7875.0
job836,p4,2,a3_0,1,7877.0,7.0,10.0,7884.0
job837,p3,1,a1_0,2,8822.0,27.0,20.0,8849.0
job837,p3,2,a3_0,2,8869.0,11.0,10.0,8880.0
job838,p4,1,a2_0,2,7875.0,28.0,20.0,7903.0
job838,p4,2,a3_0,1,7903.0,14.0,10.0,7917.0
job839,p3,1,a1_0,2,8849.0,26.0,20.0,8875.0
job839,p3,2,a3_0,2,8894.0,13.0,10.0,8907.0
job840,p4,1,a2_0,2,7903.0,25.0,20.0,7928.0
job840,p4,2,a3_0,1,7931.0,14.0,10.0,7945.0
job841,p3,1,a1_0,2,8875.0,24.0,20.0,8899.0
job841,p3,2,a3_0,2,8917.0,11.0,10.0,8928.0
job842,p3,1,a1_0,2,8899.0,26.0,20.0,8925.0
job842,p3,2,a3_0,2,8945.0,15.0,10.0,8960.0
job843,p3,1,a1_0,2,8925.0,34.0,20.0,8959.0
job843,p3,2,a3_0,2,8973.0,14.0,10.0,8987.0
job844,p2,1,a2_0,1,7928.0,11.0,20.0,7939.0
job844,p2,2,a3_0,2,7951.0,12.0,10.0,7963.0
job845,p1,1,a1_0,1,8959.0,16.0,20.0,8975.0
job845,p1,2,a3_0,1,8987.0,6.0,10.0,8993.0
job846,p3,1,a1_0,2,8975.0,15.0,20.0,8990.0
job846,p3,2,a3_0,2,9003.0,13.0,10.0,9016.0
job847,p2,1,a2_0,1,7939.0,25.0,20.0,7964.0
job847,p2,2,a3_0,2,7976.0,15.0,10.0,7991.0
job848,p1,1,a1_0,1,8990.0,14.0,20.0,9004.0
job848,p1,2,a3_0,1,9029.0,5.0,10.0,9034.0
job849,p3,1,a1_0,2,9004.0,18.0,20.0,9022.0
job849,p3,2,a3_0,2,9047.0,6.0,10.0,9053.0
job850,p4,1,a2_0,2,7964.0,18.0,20.0,7982.0
job850,p4,2,a3_0,1,8003.0,6.0,10.0,8009.0
job851,p2,1,a2_0,1,7982.0,13.0,20.0,7995.0
job851,p2,2,a3_0,2,8009.0,9.0,10.0,8018.0
job852,p1,1,a1_0,1,9022.0,13.0,20.0,9035.0
job852,p1,2,a3_0,1,9067.0,8.0,10.0,9075.0
job853,p4,1,a2_0,2,7995.0,12.0,20.0,8007.0
job853,p4,2,a3_0,1,8018.0,11.0,10.0,8029.0
job854,p2,1,a2_0,1,8007.0,9.0,20.0,8016.0
job854,p2,2,a3_0,2,8035.0,14.0,10.0,8049.0
job855,p3,1,a1_0,2,9035.0,14.0,20.0,9049.0
job855,p3,2,a3_0,2,9075.0,6.0,10.0,9081.0
job856,p1,1,a1_0,1,9049.0,15.0,20.0,9064.0
job856,p1,2,a3_0,1,9094.0,6.0,10.0,9100.0
job857,p4,1,a2_0,2,8016.0,19.0,20.0,8035.0
job857,p4,2,a3_0,1,8059.0,7.0,10.0,8066.0
job858,p1,1,a1_0,1,9064.0,27.0,20.0,9091.0
job858,p1,2,a3_0,1,9113.0,11.0,10.0,9124.0
job859,p2,1,a2_0,1,8035.0,15.0,20.0,8050.0
job859,p2,2,a3_0,2,8066.0,4.0,10.0,8070.0
job860,p1,1,a1_0,1,9091.0,25.0,20.0,9116.0
job860,p1,2,a3_0,1,9139.0,15.0,10.0,9154.0
job861,p3,1,a1_0,2,9116.0,17.0,20.0,9133.0
job861,p3,2,a3_0,2,9160.0,15.0,10.0,9175.0
job862,p2,1,a2_0,1,8050.0,24.0,20.0,8074.0
job862,p2,2,a3_0,2,8083.0,13.0,10.0,8096.0
job863,p2,1,a2_0,1,8074.0,27.0,20.0,8101.0
job863,p2,2,a3_0,2,8104.0,5.0,10.0,8109.0
job864,p3,1,a1_0,2,9133.0,30.0,20.0,9163.0
job864,p3,2,a3_0,2,9180.0,7.0,10.0,9187.0
job865,p1,1,a1_0,1,9163.0,13.0,20.0,9176.0
job865,p1,2,a3_0,1,9194.0,12.0,10.0,9206.0
job866,p3,1,a1_0,2,9176.0,9.0,20.0,9185.0
job866,p3,2,a3_0,2,9206.0,6.0,10.0,9212.0
job867,p4,1,a2_0,2,8101.0,13.0,20.0,8114.0
job867,p4,2,a3_0,1,8115.0,13.0,10.0,8128.0
job868,p2,1,a2_0,1,8114.0,13.0,20.0,8127.0
job868,p2,2,a3_0,2,8128.0,9.0,10.0,8137.0
job869,p3,1,a1_0,2,9185.0,26.0,20.0,9211.0
job869,p3,2,a3_0,2,9217.0,6.0,10.0,9223.0
job870,p1,1,a1_0,1,9211.0,10.0,20.0,9221.0
job870,p1,2,a3_0,1,9231.0,14.0,10.0,9245.0
job871,p3,1,a1_0,2,9221.0,12.0,20.0,9233.0
job871,p3,2,a3_0,2,9245.0,10.0,10.0,9255.0
job872,p4,1,a2_0,2,8127.0,13.0,20.0,8140.0
job872,p4,2,a3_0,1,8141.0,11.0,10.0,8152.0
job873,p4,1,a2_0,2,8140.0,29.0,20.0,8169.0
job873,p4,2,a3_0,1,8169.0,13.0,10.0,8182.0
job874,p2,1,a2_0,1,8169.0,15.0,20.0,8184.0
job874,p2,2,a3_0,2,8195.0,6.0,10.0,8201.0
job875,p3,1,a1_0,2,9233.0,25.0,20.0,9258.0
job875,p3,2,a3_0,2,9262.0,6.0,10.0,9268.0
job876,p1,1,a1_0,1,9258.0,17.0,20.0,9275.0
job876,p1,2,a3_0,1,9284.0,12.0,10.0,9296.0
job877,p2,1,a2_0,1,8184.0,31.0,20.0,8215.0
job877,p2,2,a3_0,2,8215.0,5.0,10.0,8220.0
job878,p2,1,a2_0,1,8215.0,31.0,20.0,8246.0
job878,p2,2,a3_0,2,8246.0,8.0,10.0,8254.0
job879,p3,1,a1_0,2,9275.0,12.0,20.0,9287.0
job879,p3,2,a3_0,2,9302.0,14.0,10.0,9316.0
job880,p2,1,a2_0,1,8246.0,25.0,20.0,8271.0
job880,p2,2,a3_0,2,8272.0,6.0,10.0,8278.0
job881,p2,1,a2_0,1,8271.0,25.0,20.0,8296.0
job881,p2,2,a3_0,2,8296.0,14.0,10.0,8310.0
job882,p4,1,a2_0,2,8296.0,23.0,20.0,8319.0
job882,p4,2,a3_0,1,8328.0,11.0,10.0,8339.0
job883,p2,1,a2_0,1,8319.0,9.0,20.0,8328.0
job883,p2,2,a3_0,2,8339.0,5.0,10.0,8344.0
job884,p4,1,a2_0,2,8328.0,12.0,20.0,8340.0
job884,p4,2,a3_0,1,8349.0,13.0,10.0,8362.0
job885,p2,1,a2_0,1,8340.0,19.0,20.0,8359.0
job885,p2,2,a3_0,2,8369.0,13.0,10.0,8382.0
job886,p4,1,a2_0,2,8359.0,14.0,20.0,8373.0
job886,p4,2,a3_0,1,8382.0,7.0,10.0,8389.0
job887,p3,1,a1_0,2,9287.0,27.0,20.0,9314.0
job887,p3,2,a3_0,2,9331.0,13.0,10.0,9344.0
job888,p1,1,a1_0,1,9314.0,13.0,20.0,9327.0
job888,p1,2,a3_0,1,9344.0,8.0,10.0,9352.0
job889,p2,1,a2_0,1,8373.0,18.0,20.0,8391.0
job889,p2,2,a3_0,2,8395.0,13.0,10.0,8408.0
job890,p1,1,a1_0,1,9327.0,25.0,20.0,9352.0
job890,p1,2,a3_0,1,9361.0,9.0,10.0,9370.0
job891,p4,1,a2_0,2,8391.0,14.0,20.0,8405.0
job891,p4,2,a3_0,1,8421.0,8.0,10.0,8429.0
job892,p1,1,a1_0,1,9352.0,27.0,20.0,9379.0
job892,p1,2,a3_0,1,9382.0,12.0,10.0,9394.0
job893,p3,1,a1_0,2,9379.0,14.0,20.0,9393.0
job893,p3,2,a3_0,2,9413.0,13.0,10.0,9426.0
job894,p2,1,a2_0,1,8405.0,16.0,20.0,8421.0
job894,p2,2,a3_0,2,8442.0,5.0,10.0,8447.0
job895,p3,1,a1_0,2,9393.0,27.0,20.0,9420.0
job895,p3,2,a3_0,2,9432.0,5.0,10.0,9437.0
job896,p4,1,a2_0,2,8421.0,13.0,20.0,8434.0
job896,p4,2,a3_0,1,8447.0,6.0,10.0,8453.0
job897,p3,1,a1_0,2,9420.0,26.0,20.0,9446.0
job897,p3,2,a3_0,2,9451.0,11.0,10.0,9462.0
job898,p1,1,a1_0,1,9446.0,14.0,20.0,9460.0
job898,p1,2,a3_0,1,9462.0,6.0,10.0,9468.0
job899,p4,1,a2_0,2,8434.0,25.0,20.0,8459.0
job899,p4,2,a3_0,1,8471.0,6.0,10.0,8477.0
job900,p4,1,a2_0,2,8459.0,23.0,20.0,8482.0
job900,p4,2,a3_0,1,8486.0,8.0,10.0,8494.0
job901,p1,1,a1_0,1,9460.0,35.0,20.0,9495.0
job901,p1,2,a3_0,1,9495.0,7.0,10.0,9502.0
job902,p2,1,a2_0,1,8482.0,13.0,20.0,8495.0
job902,p2,2,a3_0,2,8495.0,9.0,10.0,8504.0
job903,p2,1,a2_0,1,8495.0,26.0,20.0,8521.0
job903,p2,2,a3_0,2,8525.0,12.0,10.0,8537.0
job904,p4,1,a2_0,2,8521.0,15.0,20.0,8536.0
job904,p4,2,a3_0,1,8546.0,14.0,10.0,8560.0
job905,p1,1,a1_0,1,9495.0,25.0,20.0,9520.0
job905,p1,2,a3_0,1,9521.0,5.0,10.0,9526.0
job906,p4,1,a2_0,2,8536.0,26.0,20.0,8562.0
job906,p4,2,a3_0,1,8569.0,10.0,10.0,8579.0
job907,p1,1,a1_0,1,9520.0,29.0,20.0,9549.0
job907,p1,2,a3_0,1,9549.0,10.0,10.0,9559.0
job908,p3,1,a1_0,2,9549.0,17.0,20.0,9566.0
job908,p3,2,a3_0,2,9572.0,8.0,10.0,9580.0
job909,p3,1,a1_0,2,9566.0,24.0,20.0,9590.0
job909,p3,2,a3_0,2,9590.0,7.0,10.0,9597.0
job910,p2,1,a2_0,1,8562.0,12.0,20.0,8574.0
job910,p2,2,a3_0,2,8579.0,5.0,10.0,8584.0
job911,p2,1,a2_0,1,8574.0,24.0,20.0,8598.0
job911,p2,2,a3_0,2,8598.0,12.0,10.0,8610.0
job912,p2,1,a2_0,1,8598.0,30.0,20.0,8628.0
job912,p2,2,a3_0,2,8628.0,12.0,10.0,8640.0
job913,p1,1,a1_0,1,9590.0,14.0,20.0,9604.0
job913,p1,2,a3_0,1,9613.0,8.0,10.0,9621.0
job914,p4,1,a2_0,2,8628.0,14.0,20.0,8642.0
job914,p4,2,a3_0,1,8660.0,14.0,10.0,8674.0
job915,p4,1,a2_0,2,8642.0,28.0,20.0,8670.0
job915,p4,2,a3_0,1,8674.0,14.0,10.0,8688.0
job916,p4,1,a2_0,2,8670.0,27.0,20.0,8697.0
job916,p4,2,a3_0,1,8707.0,7.0,10.0,8714.0
job917,p2,1,a2_0,1,8697.0,12.0,20.0,8709.0
job917,p2,2,a3_0,2,8724.0,12.0,10.0,8736.0
job918,p3,1,a1_0,2,9604.0,13.0,20.0,9617.0
job918,p3,2,a3_0,2,9621.0,8.0,10.0,9629.0
job919,p2,1,a2_0,1,8709.0,25.0,20.0,8734.0
job919,p2,2,a3_0,2,8743.0,8.0,10.0,8751.0
job920,p4,1,a2_0,2,8734.0,16.0,20.0,8750.0
job920,p4,2,a3_0,1,8767.0,6.0,10.0,8773.0
job921,p2,1,a2_0,1,8750.0,11.0,20.0,8761.0
job921,p2,2,a3_0,2,8785.0,6.0,10.0,8791.0
job922,p2,1,a2_0,1,8761.0,27.0,20.0,8788.0
job922,p2,2,a3_0,2,8804.0,14.0,10.0,8818.0
job923,p3,1,a1_0,2,9617.0,30.0,20.0,9647.0
job923,p3,2,a3_0,2,9649.0,8.0,10.0,9657.0
job924,p1,1,a1_0,1,9647.0,19.0,20.0,9666.0
job924,p1,2,a3_0,1,9671.0,5.0,10.0,9676.0
job925,p4,1,a2_0,2,8788.0,9.0,20.0,8797.0
job925,p4,2,a3_0,1,8831.0,5.0,10.0,8836.0
job926,p2,1,a2_0,1,8797.0,19.0,20.0,8816.0
job926,p2,2,a3_0,2,8836.0,6.0,10.0,8842.0
job927,p2,1,a2_0,1,8816.0,24.0,20.0,8840.0
job927,p2,2,a3_0,2,8854.0,15.0,10.0,8869.0
job928,p2,1,a2_0,1,8840.0,24.0,20.0,8864.0
job928,p2,2,a3_0,2,8880.0,14.0,10.0,8894.0
job929,p2,1,a2_0,1,8864.0,28.0,20.0,8892.0
job929,p2,2,a3_0,2,8907.0,10.0,10.0,8917.0
job930,p4,1,a2_0,2,8892.0,12.0,20.0,8904.0
job930,p4,2,a3_0,1,8928.0,10.0,10.0,8938.0
job931,p3,1,a1_0,2,9666.0,14.0,20.0,9680.0
job931,p3,2,a3_0,2,9688.0,11.0,10.0,9699.0
job932,p2,1,a2_0,1,8904.0,14.0,20.0,8918.0
job932,p2,2,a3_0,2,8938.0,7.0,10.0,8945.0
job933,p4,1,a2_0,2,8918.0,20.0,20.0,8938.0
job933,p4,2,a3_0,1,8960.0,7.0,10.0,8967.0
job934,p3,1,a1_0,2,9680.0,25.0,20.0,9705.0
job934,p3,2,a3_0,2,9717.0,12.0,10.0,9729.0
job935,p2,1,a2_0,1,8938.0,15.0,20.0,8953.0
job935,p2,2,a3_0,2,8967.0,6.0,10.0,8973.0
job936,p3,1,a1_0,2,9705.0,21.0,20.0,9726.0
job936,p3,2,a3_0,2,9737.0,7.0,10.0,9744.0
job937,p1,1,a1_0,1,9726.0,11.0,20.0,9737.0
job937,p1,2,a3_0,1,9756.0,7.0,10.0,9763.0
job938,p1,1,a1_0,1,9737.0,23.0,20.0,9760.0
job938,p1,2,a3_0,1,9776.0,17.0,10.0,9793.0
job939,p2,1,a2_0,1,8953.0,27.0,20.0,8980.0
job939,p2,2,a3_0,2,8993.0,10.0,10.0,9003.0
job940,p2,1,a2_0,1,8980.0,24.0,20.0,9004.0
job940,p2,2,a3_0,2,9016.0,13.0,10.0,9029.0
job941,p4,1,a2_0,2,9004.0,11.0,20.0,9015.0
job941,p4,2,a3_0,1,9034.0,13.0,10.0,9047.0
job942,p2,1,a2_0,1,9015.0,16.0,20.0,9031.0
job942,p2,2,a3_0,2,9053.0,14.0,10.0,9067.0
job943,p3,1,a1_0,2,9760.0,13.0,20.0,9773.0
job943,p3,2,a3_0,2,9797.0,13.0,10.0,9810.0
job944,p1,1,a1_0,1,9773.0,13.0,20.0,9786.0
job944,p1,2,a3_0,1,9810.0,8.0,10.0,9818.0
job945,p1,1,a1_0,1,9786.0,26.0,20.0,9812.0
job945,p1,2,a3_0,1,9823.0,6.0,10.0,9829.0
job946,p2,1,a2_0,1,9031.0,23.0,20.0,9054.0
job946,p2,2,a3_0,2,9081.0,13.0,10.0,9094.0
job947,p4,1,a2_0,2,9054.0,15.0,20.0,9069.0
job947,p4,2,a3_0,1,9100.0,13.0,10.0,9113.0
job948,p2,1,a2_0,1,9069.0,22.0,20.0,9091.0
job948,p2,2,a3_0,2,9124.0,6.0,10.0,9130.0
job949,p1,1,a1_0,1,9812.0,27.0,20.0,9839.0
job949,p1,2,a3_0,1,9839.0,10.0,10.0,9849.0
job950,p3,1,a1_0,2,9839.0,10.0,20.0,9849.0
job950,p3,2,a3_0,2,9864.0,6.0,10.0,9870.0
job951,p4,1,a2_0,2,9091.0,22.0,20.0,9113.0
job951,p4,2,a3_0,1,9130.0,9.0,10.0,9139.0
job952,p2,1,a2_0,1,9113.0,15.0,20.0,9128.0
job952,p2,2,a3_0,2,9154.0,6.0,10.0,9160.0
job953,p4,1,a2_0,2,9128.0,16.0,20.0,9144.0
job953,p4,2,a3_0,1,9175.0,5.0,10.0,9180.0
job954,p3,1,a1_0,2,9849.0,22.0,20.0,9871.0
job954,p3,2,a3_0,2,9879.0,8.0,10.0,9887.0
job955,p1,1,a1_0,1,9871.0,12.0,20.0,9883.0
job955,p1,2,a3_0,1,9887.0,8.0,10.0,9895.0
job956,p4,1,a2_0,2,9144.0,23.0,20.0,9167.0
job956,p4,2,a3_0,1,9187.0,7.0,10.0,9194.0
job957,p4,1,a2_0,2,9167.0,28.0,20.0,9195.0
job957,p4,2,a3_0,1,9212.0,5.0,10.0,9217.0
job958,p4,1,a2_0,2,9195.0,26.0,20.0,9221.0
job958,p4,2,a3_0,1,9223.0,8.0,10.0,9231.0
job959,p4,1,a2_0,2,9221.0,29.0,20.0,9250.0
job959,p4,2,a3_0,1,9255.0,7.0,10.0,9262.0
job960,p4,1,a2_0,2,9250.0,24.0,20.0,9274.0
job960,p4,2,a3_0,1,9274.0,10.0,10.0,9284.0
job961,p3,1,a1_0,2,9883.0,11.0,20.0,9894.0
job961,p3,2,a3_0,2,9900.0,12.0,10.0,9912.0
job962,p2,1,a2_0,1,9274.0,8.0,20.0,9282.0
job962,p2,2,a3_0,2,9296.0,6.0,10.0,9302.0
job963,p1,1,a1_0,1,9894.0,14.0,20.0,9908.0
job963,p1,2,a3_0,1,9919.0,14.0,10.0,9933.0
job964,p2,1,a2_0,1,9282.0,24.0,20.0,9306.0
job964,p2,2,a3_0,2,9316.0,15.0,10.0,9331.0
job965,p2,1,a2_0,1,9306.0,27.0,20.0,9333.0
job965,p2,2,a3_0,2,9352.0,9.0,10.0,9361.0
job966,p4,1,a2_0,2,9333.0,20.0,20.0,9353.0
job966,p4,2,a3_0,1,9370.0,12.0,10.0,9382.0
job967,p3,1,a1_0,2,9908.0,12.0,20.0,9920.0
job967,p3,2,a3_0,2,9938.0,14.0,10.0,9952.0
job968,p3,1,a1_0,2,9920.0,23.0,20.0,9943.0
job968,p3,2,a3_0,2,9952.0,11.0,10.0,9963.0
job969,p3,1,a1_0,2,9943.0,28.0,20.0,9971.0
job969,p3,2,a3_0,2,9986.0,8.0,10.0,9994.0
job970,p3,1,a1_0,2,9971.0,23.0,20.0,9994.0
job970,p3,2,a3_0,2,10015.0,5.0,10.0,10020.0
job971,p4,1,a2_0,2,9353.0,29.0,20.0,9382.0
job971,p4,2,a3_0,1,9394.0,11.0,10.0,9405.0
job972,p2,1,a2_0,1,9382.0,10.0,20.0,9392.0
job972,p2,2,a3_0,2,9405.0,8.0,10.0,9413.0
job973,p3,1,a1_0,2,9994.0,25.0,20.0,10019.0
job973,p3,2,a3_0,2,10030.0,6.0,10.0,10036.0
job974,p4,1,a2_0,2,9392.0,14.0,20.0,9406.0
job974,p4,2,a3_0,1,9426.0,6.0,10.0,9432.0
job975,p3,1,a1_0,2,10019.0,25.0,20.0,10044.0
job975,p3,2,a3_0,2,10045.0,9.0,10.0,10054.0
job976,p1,1,a1_0,1,10044.0,14.0,20.0,10058.0
job976,p1,2,a3_0,1,10058.0,7.0,10.0,10065.0
job977,p3,1,a1_0,2,10058.0,17.0,20.0,10075.0
job977,p3,2,a3_0,2,10076.0,6.0,10.0,10082.0
job978,p4,1,a2_0,2,9406.0,23.0,20.0,9429.0
job978,p4,2,a3_0,1,9437.0,7.0,10.0,9444.0
job979,p1,1,a1_0,1,10075.0,15.0,20.0,10090.0
job979,p1,2,a3_0,1,10095.0,7.0,10.0,10102.0
job980,p2,1,a2_0,1,9429.0,12.0,20.0,9441.0
job980,p2,2,a3_0,2,9444.0,7.0,10.0,9451.0
job981,p2,1,a2_0,1,9441.0,22.0,20.0,9463.0
job981,p2,2,a3_0,2,9468.0,7.0,10.0,9475.0
job982,p3,1,a1_0,2,10090.0,13.0,20.0,10103.0
job982,p3,2,a3_0,2,10115.0,5.0,10.0,10120.0
job983,p3,1,a1_0,2,10103.0,23.0,20.0,10126.0
job983,p3,2,a3_0,2,10133.0,12.0,10.0,10145.0
job984,p3,1,a1_0,2,10126.0,28.0,20.0,10154.0
job984,p3,2,a3_0,2,10164.0,5.0,10.0,10169.0
job985,p4,1,a2_0,2,9463.0,12.0,20.0,9475.0
job985,p4,2,a3_0,1,9475.0,7.0,10.0,9482.0
job986,p3,1,a1_0,2,10154.0,23.0,20.0,10177.0
job986,p3,2,a3_0,2,10190.0,6.0,10.0,10196.0
job987,p2,1,a2_0,1,9475.0,13.0,20.0,9488.0
job987,p2,2,a3_0,2,9488.0,7.0,10.0,9495.0
job988,p1,1,a1_0,1,10177.0,14.0,20.0,10191.0
job988,p1,2,a3_0,1,10208.0,8.0,10.0,10216.0
job989,p2,1,a2_0,1,9488.0,26.0,20.0,9514.0
job989,p2,2,a3_0,2,9514.0,7.0,10.0,9521.0
job990,p3,1,a1_0,2,10191.0,13.0,20.0,10204.0
job990,p3,2,a3_0,2,10229.0,5.0,10.0,10234.0
job991,p3,1,a1_0,2,10204.0,25.0,20.0,10229.0
job991,p3,2,a3_0,2,10248.0,13.0,10.0,10261.0
job992,p4,1,a2_0,2,9514.0,13.0,20.0,9527.0
job992,p4,2,a3_0,1,9527.0,12.0,10.0,9539.0
job993,p3,1,a1_0,2,10229.0,26.0,20.0,10255.0
job993,p3,2,a3_0,2,10272.0,14.0,10.0,10286.0
job994,p3,1,a1_0,2,10255.0,30.0,20.0,10285.0
job994,p3,2,a3_0,2,10306.0,7.0,10.0,10313.0
job995,p1,1,a1_0,1,10285.0,10.0,20.0,10295.0
job995,p1,2,a3_0,1,10313.0,7.0,10.0,10320.0
job996,p3,1,a1_0,2,10295.0,12.0,20.0,10307.0
job996,p3,2,a3_0,2,10330.0,7.0,10.0,10337.0
job997,p1,1,a1_0,1,10307.0,15.0,20.0,10322.0
job997,p1,2,a3_0,1,10348.0,7.0,10.0,10355.0
job998,p3,1,a1_0,2,10322.0,16.0,20.0,10338.0
job998,p3,2,a3_0,2,10355.0,4.0,10.0,10359.0
job999,p1,1,a1_0,1,10338.0,12.0,20.0,10350.0
job999,p1,2,a3_0,1,10372.0,7.0,10.0,10379.0
job1000,p4,1,a2_0,2,9527.0,27.0,20.0,9554.0
job1000,p4,2,a3_0,1,9559.0,13.0,10.0,9572.0
job1001,p3,1,a1_0,2,10350.0,15.0,20.0,10365.0
job1001,p3,2,a3_0,2,10393.0,10.0,10.0,10403.0
job1002,p1,1,a1_0,1,10365.0,21.0,20.0,10386.0
job1002,p1,2,a3_0,1,10409.0,12.0,10.0,10421.0
job1003,p3,1,a1_0,2,10386.0,23.0,20.0,10409.0
job1003,p3,2,a3_0,2,10435.0,7.0,10.0,10442.0
job1004,p4,1,a2_0,2,9554.0,25.0,20.0,9579.0
job1004,p4,2,a3_0,1,9580.0,9.0,10.0,9589.0
job1005,p2,1,a2_0,1,9579.0,21.0,20.0,9600.0
job1005,p2,2,a3_0,2,9600.0,13.0,10.0,9613.0
job1006,p2,1,a2_0,1,9600.0,24.0,20.0,9624.0
job1006,p2,2,a3_0,2,9629.0,11.0,10.0,9640.0
job1007,p1,1,a1_0,1,10409.0,15.0,20.0,10424.0
job1007,p1,2,a3_0,1,10455.0,8.0,10.0,10463.0
job1008,p4,1,a2_0,2,9624.0,14.0,20.0,9638.0
job1008,p4,2,a3_0,1,9640.0,9.0,10.0,9649.0
job1009,p1,1,a1_0,1,10424.0,28.0,20.0,10452.0
job1009,p1,2,a3_0,1,10469.0,7.0,10.0,10476.0
job1010,p2,1,a2_0,1,9638.0,17.0,20.0,9655.0
job1010,p2,2,a3_0,2,9657.0,14.0,10.0,9671.0
job1011,p2,1,a2_0,1,9655.0,24.0,20.0,9679.0
job1011,p2,2,a3_0,2,9679.0,9.0,10.0,9688.0
job1012,p3,1,a1_0,2,10452.0,15.0,20.0,10467.0
job1012,p3,2,a3_0,2,10492.0,5.0,10.0,10497.0
job1013,p2,1,a2_0,1,9679.0,24.0,20.0,9703.0
job1013,p2,2,a3_0,2,9703.0,14.0,10.0,9717.0
job1014,p3,1,a1_0,2,10467.0,25.0,20.0,10492.0
job1014,p3,2,a3_0,2,10520.0,5.0,10.0,10525.0
job1015,p1,1,a1_0,1,10492.0,12.0,20.0,10504.0
job1015,p1,2,a3_0,1,10525.0,6.0,10.0,10531.0
job1016,p4,1,a2_0,2,9703.0,15.0,20.0,9718.0
job1016,p4,2,a3_0,1,9729.0,8.0,10.0,9737.0
job1017,p2,1,a2_0,1,9718.0,14.0,20.0,9732.0
job1017,p2,2,a3_0,2,9744.0,12.0,10.0,9756.0
job1018,p4,1,a2_0,2,9732.0,16.0,20.0,9748.0
job1018,p4,2,a3_0,1,9763.0,13.0,10.0,9776.0
job1019,p3,1,a1_0,2,10504.0,12.0,20.0,10516.0
job1019,p3,2,a3_0,2,10545.0,5.0,10.0,10550.0
job1020,p1,1,a1_0,1,10516.0,16.0,20.0,10532.0
job1020,p1,2,a3_0,1,10564.0,7.0,10.0,10571.0
job1021,p1,1,a1_0,1,10532.0,23.0,20.0,10555.0
job1021,p1,2,a3_0,1,10577.0,8.0,10.0,10585.0
job1022,p2,1,a2_0,1,9748.0,21.0,20.0,9769.0
job1022,p2,2,a3_0,2,9793.0,4.0,10.0,9797.0
job1023,p1,1,a1_0,1,10555.0,31.0,20.0,10586.0
job1023,p1,2,a3_0,1,10605.0,7.0,10.0,10612.0
job1024,p3,1,a1_0,2,10586.0,9.0,20.0,10595.0
job1024,p3,2,a3_0,2,10612.0,5.0,10.0,10617.0
job1025,p2,1,a2_0,1,9769.0,25.0,20.0,9794.0
job1025,p2,2,a3_0,2,9818.0,5.0,10.0,9823.0
job1026,p2,1,a2_0,1,9794.0,30.0,20.0,9824.0
job1026,p2,2,a3_0,2,9829.0,8.0,10.0,9837.0
job1027,p4,1,a2_0,2,9824.0,20.0,20.0,9844.0
job1027,p4,2,a3_0,1,9849.0,15.0,10.0,9864.0
job1028,p1,1,a1_0,1,10595.0,13.0,20.0,10608.0
job1028,p1,2,a3_0,1,10617.0,5.0,10.0,10622.0
job1029,p1,1,a1_0,1,10608.0,29.0,20.0,10637.0
job1029,p1,2,a3_0,1,10637.0,12.0,10.0,10649.0
job1030,p4,1,a2_0,2,9844.0,27.0,20.0,9871.0
job1030,p4,2,a3_0,1,9871.0,8.0,10.0,9879.0
job1031,p3,1,a1_0,2,10637.0,15.0,20.0,10652.0
job1031,p3,2,a3_0,2,10664.0,6.0,10.0,10670.0
job1032,p2,1,a2_0,1,9871.0,16.0,20.0,9887.0
job1032,p2,2,a3_0,2,9895.0,5.0,10.0,9900.0
job1033,p1,1,a1_0,1,10652.0,16.0,20.0,10668.0
job1033,p1,2,a3_0,1,10682.0,9.0,10.0,10691.0
job1034,p4,1,a2_0,2,9887.0,18.0,20.0,9905.0
job1034,p4,2,a3_0,1,9912.0,7.0,10.0,9919.0
job1035,p3,1,a1_0,2,10668.0,16.0,20.0,10684.0
job1035,p3,2,a3_0,2,10706.0,7.0,10.0,10713.0
job1036,p3,1,a1_0,2,10684.0,23.0,20.0,10707.0
job1036,p3,2,a3_0,2,10720.0,7.0,10.0,10727.0
job1037,p1,1,a1_0,1,10707.0,14.0,20.0,10721.0
job1037,p1,2,a3_0,1,10727.0,5.0,10.0,10732.0
job1038,p1,1,a1_0,1,10721.0,27.0,20.0,10748.0
job1038,p1,2,a3_0,1,10748.0,8.0,10.0,10756.0
job1039,p1,1,a1_0,1,10748.0,26.0,20.0,10774.0
job1039,p1,2,a3_0,1,10787.0,6.0,10.0,10793.0
job1040,p1,1,a1_0,1,10774.0,29.0,20.0,10803.0
job1040,p1,2,a3_0,1,10808.0,11.0,10.0,10819.0
job1041,p2,1,a2_0,1,9905.0,15.0,20.0,9920.0
job1041,p2,2,a3_0,2,9933.0,5.0,10.0,9938.0
job1042,p2,1,a2_0,1,9920.0,25.0,20.0,9945.0
job1042,p2,2,a3_0,2,9963.0,13.0,10.0,9976.0
job1043,p4,1,a2_0,2,9945.0,13.0,20.0,9958.0
job1043,p4,2,a3_0,1,9976.0,10.0,10.0,9986.0
job1044,p3,1,a1_0,2,10803.0,15.0,20.0,10818.0
job1044,p3,2,a3_0,2,10819.0,6.0,10.0,10825.0
job1045,p1,1,a1_0,1,10818.0,17.0,20.0,10835.0
job1045,p1,2,a3_0,1,10839.0,7.0,10.0,10846.0
job1046,p3,1,a1_0,2,10835.0,14.0,20.0,10849.0
job1046,p3,2,a3_0,2,10858.0,9.0,10.0,10867.0
job1047,p2,1,a2_0,1,9958.0,14.0,20.0,9972.0
job1047,p2,2,a3_0,2,9994.0,13.0,10.0,10007.0
job1048,p4,1,a2_0,2,9972.0,17.0,20.0,9989.0
job1048,p4,2,a3_0,1,10007.0,8.0,10.0,10015.0
job1049,p3,1,a1_0,2,10849.0,28.0,20.0,10877.0
job1049,p3,2,a3_0,2,10877.0,9.0,10.0,10886.0
job1050,p1,1,a1_0,1,10877.0,13.0,20.0,10890.0
job1050,p1,2,a3_0,1,10890.0,7.0,10.0,10897.0
job1051,p4,1,a2_0,2,9989.0,23.0,20.0,10012.0
job1051,p4,2,a3_0,1,10020.0,10.0,10.0,10030.0
job1052,p4,1,a2_0,2,10012.0,26.0,20.0,10038.0
job1052,p4,2,a3_0,1,10038.0,7.0,10.0,10045.0
job1053,p1,1,a1_0,1,10890.0,27.0,20.0,10917.0
job1053,p1,2,a3_0,1,10917.0,18.0,10.0,10935.0
job1054,p1,1,a1_0,1,10917.0,24.0,20.0,10941.0
job1054,p1,2,a3_0,1,10958.0,7.0,10.0,10965.0
job1055,p1,1,a1_0,1,10941.0,22.0,20.0,10963.0
job1055,p1,2,a3_0,1,10970.0,8.0,10.0,10978.0
job1056,p4,1,a2_0,2,10038.0,23.0,20.0,10061.0
job1056,p4,2,a3_0,1,10065.0,11.0,10.0,10076.0
job1057,p3,1,a1_0,2,10963.0,15.0,20.0,10978.0
job1057,p3,2,a3_0,2,10991.0,5.0,10.0,10996.0
job1058,p2,1,a2_0,1,10061.0,15.0,20.0,10076.0
job1058,p2,2,a3_0,2,10082.0,13.0,10.0,10095.0
job1059,p4,1,a2_0,2,10076.0,21.0,20.0,10097.0
job1059,p4,2,a3_0,1,10102.0,13.0,10.0,10115.0
job1060,p2,1,a2_0,1,10097.0,10.0,20.0,10107.0
job1060,p2,2,a3_0,2,10120.0,13.0,10.0,10133.0
job1061,p3,1,a1_0,2,10978.0,23.0,20.0,11001.0
job1061,p3,2,a3_0,2,11003.0,7.0,10.0,11010.0
job1062,p1,1,a1_0,1,11001.0,13.0,20.0,11014.0
job1062,p1,2,a3_0,1,11026.0,9.0,10.0,11035.0
job1063,p3,1,a1_0,2,11014.0,16.0,20.0,11030.0
job1063,p3,2,a3_0,2,11049.0,7.0,10.0,11056.0
job1064,p2,1,a2_0,1,10107.0,26.0,20.0,10133.0
job1064,p2,2,a3_0,2,10145.0,13.0,10.0,10158.0
job1065,p4,1,a2_0,2,10133.0,13.0,20.0,10146.0
job1065,p4,2,a3_0,1,10158.0,6.0,10.0,10164.0
job1066,p3,1,a1_0,2,11030.0,31.0,20.0,11061.0
job1066,p3,2,a3_0,2,11065.0,8.0,10.0,11073.0
job1067,p1,1,a1_0,1,11061.0,17.0,20.0,11078.0
job1067,p1,2,a3_0,1,11078.0,8.0,10.0,11086.0
job1068,p2,1,a2_0,1,10146.0,11.0,20.0,10157.0
job1068,p2,2,a3_0,2,10169.0,14.0,10.0,10183.0
job1069,p4,1,a2_0,2,10157.0,14.0,20.0,10171.0
job1069,p4,2,a3_0,1,10183.0,7.0,10.0,10190.0
job1070,p1,1,a1_0,1,11078.0,22.0,20.0,11100.0
job1070,p1,2,a3_0,1,11100.0,15.0,10.0,11115.0
job1071,p1,1,a1_0,1,11100.0,22.0,20.0,11122.0
job1071,p1,2,a3_0,1,11122.0,7.0,10.0,11129.0
job1072,p3,1,a1_0,2,11122.0,11.0,20.0,11133.0
job1072,p3,2,a3_0,2,11141.0,8.0,10.0,11149.0
job1073,p2,1,a2_0,1,10171.0,15.0,20.0,10186.0
job1073,p2,2,a3_0,2,10196.0,12.0,10.0,10208.0
job1074,p1,1,a1_0,1,11133.0,14.0,20.0,11147.0
job1074,p1,2,a3_0,1,11164.0,7.0,10.0,11171.0
job1075,p4,1,a2_0,2,10186.0,16.0,20.0,10202.0
job1075,p4,2,a3_0,1,10216.0,13.0,10.0,10229.0
job1076,p3,1,a1_0,2,11147.0,22.0,20.0,11169.0
job1076,p3,2,a3_0,2,11189.0,12.0,10.0,11201.0
job1077,p3,1,a1_0,2,11169.0,30.0,20.0,11199.0
job1077,p3,2,a3_0,2,11214.0,11.0,10.0,11225.0
job1078,p3,1,a1_0,2,11199.0,25.0,20.0,11224.0
job1078,p3,2,a3_0,2,11238.0,13.0,10.0,11251.0
job1079,p2,1,a2_0,1,10202.0,17.0,20.0,10219.0
job1079,p2,2,a3_0,2,10234.0,14.0,10.0,10248.0
job1080,p4,1,a2_0,2,10219.0,13.0,20.0,10232.0
job1080,p4,2,a3_0,1,10261.0,6.0,10.0,10267.0
job1081,p2,1,a2_0,1,10232.0,14.0,20.0,10246.0
job1081,p2,2,a3_0,2,10267.0,5.0,10.0,10272.0
job1082,p2,1,a2_0,1,10246.0,20.0,20.0,10266.0
job1082,p2,2,a3_0,2,10286.0,12.0,10.0,10298.0
job1083,p4,1,a2_0,2,10266.0,13.0,20.0,10279.0
job1083,p4,2,a3_0,1,10298.0,8.0,10.0,10306.0
job1084,p4,1,a2_0,2,10279.0,26.0,20.0,10305.0
job1084,p4,2,a3_0,1,10320.0,10.0,10.0,10330.0
job1085,p2,1,a2_0,1,10305.0,12.0,20.0,10317.0
job1085,p2,2,a3_0,2,10337.0,11.0,10.0,10348.0
job1086,p2,1,a2_0,1,10317.0,24.0,20.0,10341.0
job1086,p2,2,a3_0,2,10359.0,13.0,10.0,10372.0
job1087,p1,1,a1_0,1,11224.0,14.0,20.0,11238.0
job1087,p1,2,a3_0,1,11260.0,15.0,10.0,11275.0
job1088,p1,1,a1_0,1,11238.0,28.0,20.0,11266.0
job1088,p1,2,a3_0,1,11288.0,15.0,10.0,11303.0
job1089,p4,1,a2_0,2,10341.0,14.0,20.0,10355.0
job1089,p4,2,a3_0,1,10379.0,14.0,10.0,10393.0
job1090,p4,1,a2_0,2,10355.0,24.0,20.0,10379.0
job1090,p4,2,a3_0,1,10403.0,6.0,10.0,10409.0
job1091,p4,1,a2_0,2,10379.0,25.0,20.0,10404.0
job1091,p4,2,a3_0,1,10421.0,14.0,10.0,10435.0
job1092,p1,1,a1_0,1,11266.0,27.0,20.0,11293.0
job1092,p1,2,a3_0,1,11314.0,11.0,10.0,11325.0
job1093,p2,1,a2_0,1,10404.0,15.0,20.0,10419.0
job1093,p2,2,a3_0,2,10442.0,13.0,10.0,10455.0
job1094,p2,1,a2_0,1,10419.0,26.0,20.0,10445.0
job1094,p2,2,a3_0,2,10463.0,6.0,10.0,10469.0
job1095,p4,1,a2_0,2,10445.0,13.0,20.0,10458.0
job1095,p4,2,a3_0,1,10476.0,16.0,10.0,10492.0
job1096,p3,1,a1_0,2,11293.0,12.0,20.0,11305.0
job1096,p3,2,a3_0,2,11325.0,7.0,10.0,11332.0
job1097,p1,1,a1_0,1,11305.0,13.0,20.0,11318.0
job1097,p1,2,a3_0,1,11346.0,6.0,10.0,11352.0
job1098,p2,1,a2_0,1,10458.0,13.0,20.0,10471.0
job1098,p2,2,a3_0,2,10497.0,15.0,10.0,10512.0
job1099,p3,1,a1_0,2,11318.0,13.0,20.0,11331.0
job1099,p3,2,a3_0,2,11364.0,8.0,10.0,11372.0
job1100,p4,1,a2_0,2,10471.0,15.0,20.0,10486.0
job1100,p4,2,a3_0,1,10512.0,8.0,10.0,10520.0
job1101,p3,1,a1_0,2,11331.0,25.0,20.0,11356.0
job1101,p3,2,a3_0,2,11378.0,6.0,10.0,11384.0
job1102,p1,1,a1_0,1,11356.0,17.0,20.0,11373.0
job1102,p1,2,a3_0,1,11397.0,5.0,10.0,11402.0
job1103,p4,1,a2_0,2,10486.0,25.0,20.0,10511.0
job1103,p4,2,a3_0,1,10531.0,14.0,10.0,10545.0
job1104,p2,1,a2_0,1,10511.0,15.0,20.0,10526.0
job1104,p2,2,a3_0,2,10550.0,14.0,10.0,10564.0
job1105,p2,1,a2_0,1,10526.0,27.0,20.0,10553.0
job1105,p2,2,a3_0,2,10571.0,6.0,10.0,10577.0
job1106,p1,1,a1_0,1,11373.0,25.0,20.0,11398.0
job1106,p1,2,a3_0,1,11417.0,13.0,10.0,11430.0
job1107,p4,1,a2_0,2,10553.0,16.0,20.0,10569.0
job1107,p4,2,a3_0,1,10585.0,13.0,10.0,10598.0
job1108,p3,1,a1_0,2,11398.0,15.0,20.0,11413.0
job1108,p3,2,a3_0,2,11444.0,8.0,10.0,11452.0
job1109,p2,1,a2_0,1,10569.0,13.0,20.0,10582.0
job1109,p2,2,a3_0,2,10598.0,7.0,10.0,10605.0
job1110,p3,1,a1_0,2,11413.0,25.0,20.0,11438.0
job1110,p3,2,a3_0,2,11479.0,10.0,10.0,11489.0
job1111,p1,1,a1_0,1,11438.0,13.0,20.0,11451.0
job1111,p1,2,a3_0,1,11489.0,6.0,10.0,11495.0
job1112,p2,1,a2_0,1,10582.0,32.0,20.0,10614.0
job1112,p2,2,a3_0,2,10622.0,7.0,10.0,10629.0
job1113,p3,1,a1_0,2,11451.0,12.0,20.0,11463.0
job1113,p3,2,a3_0,2,11505.0,13.0,10.0,11518.0
job1114,p3,1,a1_0,2,11463.0,24.0,20.0,11487.0
job1114,p3,2,a3_0,2,11532.0,11.0,10.0,11543.0
job1115,p4,1,a2_0,2,10614.0,8.0,20.0,10622.0
job1115,p4,2,a3_0,1,10629.0,7.0,10.0,10636.0
job1116,p4,1,a2_0,2,10622.0,28.0,20.0,10650.0
job1116,p4,2,a3_0,1,10650.0,14.0,10.0,10664.0
job1117,p1,1,a1_0,1,11487.0,15.0,20.0,11502.0
job1117,p1,2,a3_0,1,11557.0,8.0,10.0,11565.0
job1118,p2,1,a2_0,1,10650.0,12.0,20.0,10662.0
job1118,p2,2,a3_0,2,10670.0,12.0,10.0,10682.0
job1119,p3,1,a1_0,2,11502.0,12.0,20.0,11514.0
job1119,p3,2,a3_0,2,11577.0,9.0,10.0,11586.0
job1120,p1,1,a1_0,1,11514.0,17.0,20.0,11531.0
job1120,p1,2,a3_0,1,11586.0,7.0,10.0,11593.0
job1121,p1,1,a1_0,1,11531.0,27.0,20.0,11558.0
job1121,p1,2,a3_0,1,11609.0,5.0,10.0,11614.0
job1122,p3,1,a1_0,2,11558.0,13.0,20.0,11571.0
job1122,p3,2,a3_0,2,11626.0,7.0,10.0,11633.0
job1123,p3,1,a1_0,2,11571.0,24.0,20.0,11595.0
job1123,p3,2,a3_0,2,11633.0,13.0,10.0,11646.0
job1124,p4,1,a2_0,2,10662.0,16.0,20.0,10678.0
job1124,p4,2,a3_0,1,10691.0,15.0,10.0,10706.0
job1125,p4,1,a2_0,2,10678.0,29.0,20.0,10707.0
job1125,p4,2,a3_0,1,10713.0,7.0,10.0,10720.0
job1126,p2,1,a2_0,1,10707.0,16.0,20.0,10723.0
job1126,p2,2,a3_0,2,10732.0,9.0,10.0,10741.0
job1127,p2,1,a2_0,1,10723.0,25.0,20.0,10748.0
job1127,p2,2,a3_0,2,10756.0,7.0,10.0,10763.0
job1128,p2,1,a2_0,1,10748.0,24.0,20.0,10772.0
job1128,p2,2,a3_0,2,10772.0,15.0,10.0,10787.0
job1129,p1,1,a1_0,1,11595.0,11.0,20.0,11606.0
job1129,p1,2,a3_0,1,11656.0,13.0,10.0,11669.0
job1130,p2,1,a2_0,1,10772.0,29.0,20.0,10801.0
job1130,p2,2,a3_0,2,10801.0,7.0,10.0,10808.0
job1131,p2,1,a2_0,1,10801.0,26.0,20.0,10827.0
job1131,p2,2,a3_0,2,10827.0,12.0,10.0,10839.0
job1132,p1,1,a1_0,1,11606.0,25.0,20.0,11631.0
job1132,p1,2,a3_0,1,11676.0,7.0,10.0,11683.0
job1133,p1,1,a1_0,1,11631.0,28.0,20.0,11659.0
job1133,p1,2,a3_0,1,11700.0,12.0,10.0,11712.0
job1134,p4,1,a2_0,2,10827.0,13.0,20.0,10840.0
job1134,p4,2,a3_0,1,10846.0,12.0,10.0,10858.0
job1135,p3,1,a1_0,2,11659.0,13.0,20.0,11672.0
job1135,p3,2,a3_0,2,11721.0,13.0,10.0,11734.0
job1136,p1,1,a1_0,1,11672.0,8.0,20.0,11680.0
job1136,p1,2,a3_0,1,11734.0,7.0,10.0,11741.0
job1137,p4,1,a2_0,2,10840.0,27.0,20.0,10867.0
job1137,p4,2,a3_0,1,10867.0,6.0,10.0,10873.0
job1138,p4,1,a2_0,2,10867.0,25.0,20.0,10892.0
job1138,p4,2,a3_0,1,10897.0,14.0,10.0,10911.0
job1139,p4,1,a2_0,2,10892.0,26.0,20.0,10918.0
job1139,p4,2,a3_0,1,10935.0,15.0,10.0,10950.0
job1140,p3,1,a1_0,2,11680.0,12.0,20.0,11692.0
job1140,p3,2,a3_0,2,11753.0,6.0,10.0,11759.0
job1141,p2,1,a2_0,1,10918.0,14.0,20.0,10932.0
job1141,p2,2,a3_0,2,10950.0,8.0,10.0,10958.0
job1142,p2,1,a2_0,1,10932.0,21.0,20.0,10953.0
job1142,p2,2,a3_0,2,10965.0,5.0,10.0,10970.0
job1143,p1,1,a1_0,1,11692.0,21.0,20.0,11713.0
job1143,p1,2,a3_0,1,11771.0,6.0,10.0,11777.0
job1144,p3,1,a1_0,2,11713.0,16.0,20.0,11729.0
job1144,p3,2,a3_0,2,11783.0,13.0,10.0,11796.0
job1145,p1,1,a1_0,1,11729.0,9.0,20.0,11738.0
job1145,p1,2,a3_0,1,11796.0,8.0,10.0,11804.0
job1146,p1,1,a1_0,1,11738.0,26.0,20.0,11764.0
job1146,p1,2,a3_0,1,11809.0,6.0,10.0,11815.0
job1147,p4,1,a2_0,2,10953.0,11.0,20.0,10964.0
job1147,p4,2,a3_0,1,10978.0,13.0,10.0,10991.0
job1148,p3,1,a1_0,2,11764.0,13.0,20.0,11777.0
job1148,p3,2,a3_0,2,11827.0,7.0,10.0,11834.0
job1149,p4,1,a2_0,2,10964.0,26.0,20.0,10990.0
job1149,p4,2,a3_0,1,10996.0,7.0,10.0,11003.0
job1150,p2,1,a2_0,1,10990.0,22.0,20.0,11012.0
job1150,p2,2,a3_0,2,11012.0,14.0,10.0,11026.0
job1151,p4,1,a2_0,2,11012.0,15.0,20.0,11027.0
job1151,p4,2,a3_0,1,11035.0,14.0,10.0,11049.0
job1152,p4,1,a2_0,2,11027.0,31.0,20.0,11058.0
job1152,p4,2,a3_0,1,11058.0,7.0,10.0,11065.0
job1153,p1,1,a1_0,1,11777.0,16.0,20.0,11793.0
job1153,p1,2,a3_0,1,11847.0,6.0,10.0,11853.0
job1154,p4,1,a2_0,2,11058.0,23.0,20.0,11081.0
job1154,p4,2,a3_0,1,11086.0,14.0,10.0,11100.0
job1155,p1,1,a1_0,1,11793.0,22.0,20.0,11815.0
job1155,p1,2,a3_0,1,11861.0,6.0,10.0,11867.0
job1156,p1,1,a1_0,1,11815.0,22.0,20.0,11837.0
job1156,p1,2,a3_0,1,11876.0,6.0,10.0,11882.0
job1157,p1,1,a1_0,1,11837.0,26.0,20.0,11863.0
job1157,p1,2,a3_0,1,11907.0,8.0,10.0,11915.0
job1158,p2,1,a2_0,1,11081.0,25.0,20.0,11106.0
job1158,p2,2,a3_0,2,11115.0,5.0,10.0,11120.0
job1159,p4,1,a2_0,2,11106.0,16.0,20.0,11122.0
job1159,p4,2,a3_0,1,11129.0,12.0,10.0,11141.0
job1160,p2,1,a2_0,1,11122.0,13.0,20.0,11135.0
job1160,p2,2,a3_0,2,11149.0,15.0,10.0,11164.0
job1161,p4,1,a2_0,2,11135.0,13.0,20.0,11148.0
job1161,p4,2,a3_0,1,11171.0,13.0,10.0,11184.0
job1162,p1,1,a1_0,1,11863.0,29.0,20.0,11892.0
job1162,p1,2,a3_0,1,11928.0,13.0,10.0,11941.0
job1163,p2,1,a2_0,1,11148.0,15.0,20.0,11163.0
job1163,p2,2,a3_0,2,11184.0,5.0,10.0,11189.0
job1164,p1,1,a1_0,1,11892.0,25.0,20.0,11917.0
job1164,p1,2,a3_0,1,11954.0,14.0,10.0,11968.0
job1165,p2,1,a2_0,1,11163.0,33.0,20.0,11196.0
job1165,p2,2,a3_0,2,11201.0,13.0,10.0,11214.0
job1166,p1,1,a1_0,1,11917.0,24.0,20.0,11941.0
job1166,p1,2,a3_0,1,11980.0,12.0,10.0,11992.0
job1167,p4,1,a2_0,2,11196.0,15.0,20.0,11211.0
job1167,p4,2,a3_0,1,11225.0,6.0,10.0,11231.0
job1168,p3,1,a1_0,2,11941.0,15.0,20.0,11956.0
job1168,p3,2,a3_0,2,11992.0,5.0,10.0,11997.0
job1169,p2,1,a2_0,1,11211.0,12.0,20.0,11223.0
job1169,p2,2,a3_0,2,11231.0,7.0,10.0,11238.0
job1170,p1,1,a1_0,1,11956.0,13.0,20.0,11969.0
job1170,p1,2,a3_0,1,12003.0,13.0,10.0,12016.0
job1171,p4,1,a2_0,2,11223.0,14.0,20.0,11237.0
job1171,p4,2,a3_0,1,11251.0,9.0,10.0,11260.0
job1172,p4,1,a2_0,2,11237.0,26.0,20.0,11263.0
job1172,p4,2,a3_0,1,11275.0,13.0,10.0,11288.0
job1173,p1,1,a1_0,1,11969.0,27.0,20.0,11996.0
job1173,p1,2,a3_0,1,12027.0,13.0,10.0,12040.0
job1174,p1,1,a1_0,1,11996.0,30.0,20.0,12026.0
job1174,p1,2,a3_0,1,12054.0,12.0,10.0,12066.0
job1175,p4,1,a2_0,2,11263.0,27.0,20.0,11290.0
job1175,p4,2,a3_0,1,11303.0,11.0,10.0,11314.0
job1176,p3,1,a1_0,2,12026.0,11.0,20.0,12037.0
job1176,p3,2,a3_0,2,12079.0,6.0,10.0,12085.0
job1177,p3,1,a1_0,2,12037.0,28.0,20.0,12065.0
job1177,p3,2,a3_0,2,12097.0,11.0,10.0,12108.0
job1178,p1,1,a1_0,1,12065.0,11.0,20.0,12076.0
job1178,p1,2,a3_0,1,12115.0,15.0,10.0,12130.0
job1179,p1,1,a1_0,1,12076.0,27.0,20.0,12103.0
job1179,p1,2,a3_0,1,12143.0,11.0,10.0,12154.0
job1180,p2,1,a2_0,1,11290.0,21.0,20.0,11311.0
job1180,p2,2,a3_0,2,11332.0,14.0,10.0,11346.0
job1181,p4,1,a2_0,2,11311.0,12.0,20.0,11323.0
job1181,p4,2,a3_0,1,11352.0,12.0,10.0,11364.0
job1182,p4,1,a2_0,2,11323.0,26.0,20.0,11349.0
job1182,p4,2,a3_0,1,11372.0,6.0,10.0,11378.0
job1183,p3,1,a1_0,2,12103.0,10.0,20.0,12113.0
job1183,p3,2,a3_0,2,12160.0,11.0,10.0,12171.0
job1184,p3,1,a1_0,2,12113.0,27.0,20.0,12140.0
job1184,p3,2,a3_0,2,12183.0,13.0,10.0,12196.0
job1185,p2,1,a2_0,1,11349.0,15.0,20.0,11364.0
job1185,p2,2,a3_0,2,11384.0,13.0,10.0,11397.0
job1186,p3,1,a1_0,2,12140.0,25.0,20.0,12165.0
job1186,p3,2,a3_0,2,12202.0,6.0,10.0,12208.0
job1187,p4,1,a2_0,2,11364.0,17.0,20.0,11381.0
job1187,p4,2,a3_0,1,11402.0,15.0,10.0,11417.0
job1188,p1,1,a1_0,1,12165.0,13.0,20.0,12178.0
job1188,p1,2,a3_0,1,12215.0,11.0,10.0,12226.0
job1189,p4,1,a2_0,2,11381.0,26.0,20.0,11407.0
job1189,p4,2,a3_0,1,11430.0,14.0,10.0,11444.0
job1190,p3,1,a1_0,2,12178.0,23.0,20.0,12201.0
job1190,p3,2,a3_0,2,12240.0,7.0,10.0,12247.0
job1191,p2,1,a2_0,1,11407.0,13.0,20.0,11420.0
job1191,p2,2,a3_0,2,11452.0,18.0,10.0,11470.0
job1192,p4,1,a2_0,2,11420.0,16.0,20.0,11436.0
job1192,p4,2,a3_0,1,11470.0,9.0,10.0,11479.0
job1193,p1,1,a1_0,1,12201.0,11.0,20.0,12212.0
job1193,p1,2,a3_0,1,12247.0,7.0,10.0,12254.0
job1194,p2,1,a2_0,1,11436.0,17.0,20.0,11453.0
job1194,p2,2,a3_0,2,11495.0,10.0,10.0,11505.0
job1195,p3,1,a1_0,2,12212.0,12.0,20.0,12224.0
job1195,p3,2,a3_0,2,12268.0,8.0,10.0,12276.0
job1196,p2,1,a2_0,1,11453.0,24.0,20.0,11477.0
job1196,p2,2,a3_0,2,11518.0,14.0,10.0,11532.0
job1197,p2,1,a2_0,1,11477.0,23.0,20.0,11500.0
job1197,p2,2,a3_0,2,11543.0,14.0,10.0,11557.0
job1198,p4,1,a2_0,2,11500.0,13.0,20.0,11513.0
job1198,p4,2,a3_0,1,11565.0,12.0,10.0,11577.0
job1199,p3,1,a1_0,2,12224.0,22.0,20.0,12246.0
job1199,p3,2,a3_0,2,12276.0,14.0,10.0,12290.0
job1200,p3,1,a1_0,2,12246.0,22.0,20.0,12268.0
job1200,p3,2,a3_0,2,12297.0,7.0,10.0,12304.0
job1201,p1,1,a1_0,1,12268.0,15.0,20.0,12283.0
job1201,p1,2,a3_0,1,12310.0,11.0,10.0,12321.0
job1202,p1,1,a1_0,1,12283.0,26.0,20.0,12309.0
job1202,p1,2,a3_0,1,12336.0,12.0,10.0,12348.0
job1203,p4,1,a2_0,2,11513.0,28.0,20.0,11541.0
job1203,p4,2,a3_0,1,11593.0,11.0,10.0,11604.0
job1204,p3,1,a1_0,2,12309.0,11.0,20.0,12320.0
job1204,p3,2,a3_0,2,12348.0,4.0,10.0,12352.0
job1205,p1,1,a1_0,1,12320.0,16.0,20.0,12336.0
job1205,p1,2,a3_0,1,12359.0,12.0,10.0,12371.0
job1206,p2,1,a2_0,1,11541.0,15.0,20.0,11556.0
job1206,p2,2,a3_0,2,11604.0,5.0,10.0,11609.0
job1207,p4,1,a2_0,2,11556.0,12.0,20.0,11568.0
job1207,p4,2,a3_0,1,11614.0,12.0,10.0,11626.0
job1208,p4,1,a2_0,2,11568.0,31.0,20.0,11599.0
job1208,p4,2,a3_0,1,11646.0,10.0,10.0,11656.0
job1209,p1,1,a1_0,1,12336.0,26.0,20.0,12362.0
job1209,p1,2,a3_0,1,12378.0,7.0,10.0,12385.0
job1210,p1,1,a1_0,1,12362.0,26.0,20.0,12388.0
job1210,p1,2,a3_0,1,12390.0,8.0,10.0,12398.0
job1211,p2,1,a2_0,1,11599.0,13.0,20.0,11612.0
job1211,p2,2,a3_0,2,11669.0,7.0,10.0,11676.0
job1212,p2,1,a2_0,1,11612.0,26.0,20.0,11638.0
job1212,p2,2,a3_0,2,11683.0,9.0,10.0,11692.0
job1213,p4,1,a2_0,2,11638.0,17.0,20.0,11655.0
job1213,p4,2,a3_0,1,11692.0,8.0,10.0,11700.0
job1214,p1,1,a1_0,1,12388.0,22.0,20.0,12410.0
job1214,p1,2,a3_0,1,12410.0,10.0,10.0,12420.0
job1215,p1,1,a1_0,1,12410.0,31.0,20.0,12441.0
job1215,p1,2,a3_0,1,12441.0,14.0,10.0,12455.0
job1216,p3,1,a1_0,2,12441.0,20.0,20.0,12461.0
job1216,p3,2,a3_0,2,12472.0,8.0,10.0,12480.0
job1217,p2,1,a2_0,1,11655.0,15.0,20.0,11670.0
job1217,p2,2,a3_0,2,11712.0,9.0,10.0,11721.0
job1218,p4,1,a2_0,2,11670.0,13.0,20.0,11683.0
job1218,p4,2,a3_0,1,11741.0,12.0,10.0,11753.0
job1219,p2,1,a2_0,1,11683.0,16.0,20.0,11699.0
job1219,p2,2,a3_0,2,11759.0,12.0,10.0,11771.0
job1220,p2,1,a2_0,1,11699.0,26.0,20.0,11725.0
job1220,p2,2,a3_0,2,11777.0,6.0,10.0,11783.0
job1221,p1,1,a1_0,1,12461.0,12.0,20.0,12473.0
job1221,p1,2,a3_0,1,12480.0,7.0,10.0,12487.0
job1222,p2,1,a2_0,1,11725.0,27.0,20.0,11752.0
job1222,p2,2,a3_0,2,11804.0,5.0,10.0,11809.0
job1223,p4,1,a2_0,2,11752.0,14.0,20.0,11766.0
job1223,p4,2,a3_0,1,11815.0,12.0,10.0,11827.0
job1224,p2,1,a2_0,1,11766.0,12.0,20.0,11778.0
job1224,p2,2,a3_0,2,11834.0,13.0,10.0,11847.0
job1225,p2,1,a2_0,1,11778.0,25.0,20.0,11803.0
job1225,p2,2,a3_0,2,11853.0,8.0,10.0,11861.0
job1226,p3,1,a1_0,2,12473.0,16.0,20.0,12489.0
job1226,p3,2,a3_0,2,12502.0,8.0,10.0,12510.0
job1227,p2,1,a2_0,1,11803.0,30.0,20.0,11833.0
job1227,p2,2,a3_0,2,11867.0,9.0,10.0,11876.0
job1228,p3,1,a1_0,2,12489.0,23.0,20.0,12512.0
job1228,p3,2,a3_0,2,12517.0,7.0,10.0,12524.0
job1229,p3,1,a1_0,2,12512.0,30.0,20.0,12542.0
job1229,p3,2,a3_0,2,12542.0,11.0,10.0,12553.0
job1230,p4,1,a2_0,2,11833.0,11.0,20.0,11844.0
job1230,p4,2,a3_0,1,11882.0,14.0,10.0,11896.0
job1231,p2,1,a2_0,1,11844.0,18.0,20.0,11862.0
job1231,p2,2,a3_0,2,11896.0,11.0,10.0,11907.0
job1232,p1,1,a1_0,1,12542.0,15.0,20.0,12557.0
job1232,p1,2,a3_0,1,12566.0,7.0,10.0,12573.0
job1233,p3,1,a1_0,2,12557.0,10.0,20.0,12567.0
job1233,p3,2,a3_0,2,12585.0,5.0,10.0,12590.0
job1234,p3,1,a1_0,2,12567.0,24.0,20.0,12591.0
job1234,p3,2,a3_0,2,12605.0,13.0,10.0,12618.0
job1235,p4,1,a2_0,2,11862.0,16.0,20.0,11878.0
job1235,p4,2,a3_0,1,11915.0,13.0,10.0,11928.0
job1236,p4,1,a2_0,2,11878.0,32.0,20.0,11910.0
job1236,p4,2,a3_0,1,11941.0,13.0,10.0,11954.0
job1237,p1,1,a1_0,1,12591.0,14.0,20.0,12605.0
job1237,p1,2,a3_0,1,12625.0,13.0,10.0,12638.0
job1238,p4,1,a2_0,2,11910.0,25.0,20.0,11935.0
job1238,p4,2,a3_0,1,11968.0,12.0,10.0,11980.0
job1239,p3,1,a1_0,2,12605.0,15.0,20.0,12620.0
job1239,p3,2,a3_0,2,12649.0,7.0,10.0,12656.0
job1240,p3,1,a1_0,2,12620.0,28.0,20.0,12648.0
job1240,p3,2,a3_0,2,12662.0,7.0,10.0,12669.0
job1241,p1,1,a1_0,1,12648.0,15.0,20.0,12663.0
job1241,p1,2,a3_0,1,12683.0,7.0,10.0,12690.0
job1242,p1,1,a1_0,1,12663.0,24.0,20.0,12687.0
job1242,p1,2,a3_0,1,12697.0,7.0,10.0,12704.0
job1243,p1,1,a1_0,1,12687.0,25.0,20.0,12712.0
job1243,p1,2,a3_0,1,12712.0,15.0,10.0,12727.0
job1244,p1,1,a1_0,1,12712.0,31.0,20.0,12743.0
job1244,p1,2,a3_0,1,12754.0,7.0,10.0,12761.0
job1245,p1,1,a1_0,1,12743.0,24.0,20.0,12767.0
job1245,p1,2,a3_0,1,12773.0,10.0,10.0,12783.0
job1246,p1,1,a1_0,1,12767.0,24.0,20.0,12791.0
job1246,p1,2,a3_0,1,12796.0,12.0,10.0,12808.0
job1247,p3,1,a1_0,2,12791.0,12.0,20.0,12803.0
job1247,p3,2,a3_0,2,12808.0,8.0,10.0,12816.0
job1248,p1,1,a1_0,1,12803.0,16.0,20.0,12819.0
job1248,p1,2,a3_0,1,12822.0,14.0,10.0,12836.0
job1249,p4,1,a2_0,2,11935.0,25.0,20.0,11960.0
job1249,p4,2,a3_0,1,11997.0,6.0,10.0,12003.0
job1250,p1,1,a1_0,1,12819.0,27.0,20.0,12846.0
job1250,p1,2,a3_0,1,12854.0,14.0,10.0,12868.0
job1251,p1,1,a1_0,1,12846.0,30.0,20.0,12876.0
job1251,p1,2,a3_0,1,12887.0,11.0,10.0,12898.0
job1252,p4,1,a2_0,2,11960.0,23.0,20.0,11983.0
job1252,p4,2,a3_0,1,12016.0,11.0,10.0,12027.0
job1253,p3,1,a1_0,2,12876.0,14.0,20.0,12890.0
job1253,p3,2,a3_0,2,12903.0,14.0,10.0,12917.0
job1254,p4,1,a2_0,2,11983.0,22.0,20.0,12005.0
job1254,p4,2,a3_0,1,12040.0,14.0,10.0,12054.0
job1255,p4,1,a2_0,2,12005.0,27.0,20.0,12032.0
job1255,p4,2,a3_0,1,12066.0,13.0,10.0,12079.0
job1256,p2,1,a2_0,1,12032.0,13.0,20.0,12045.0
job1256,p2,2,a3_0,2,12085.0,12.0,10.0,12097.0
job1257,p4,1,a2_0,2,12045.0,21.0,20.0,12066.0
job1257,p4,2,a3_0,1,12108.0,7.0,10.0,12115.0
job1258,p1,1,a1_0,1,12890.0,17.0,20.0,12907.0
job1258,p1,2,a3_0,1,12917.0,7.0,10.0,12924.0
job1259,p1,1,a1_0,1,12907.0,25.0,20.0,12932.0
job1259,p1,2,a3_0,1,12932.0,8.0,10.0,12940.0
job1260,p4,1,a2_0,2,12066.0,29.0,20.0,12095.0
job1260,p4,2,a3_0,1,12130.0,13.0,10.0,12143.0
job1261,p2,1,a2_0,1,12095.0,15.0,20.0,12110.0
job1261,p2,2,a3_0,2,12154.0,6.0,10.0,12160.0
job1262,p2,1,a2_0,1,12110.0,28.0,20.0,12138.0
job1262,p2,2,a3_0,2,12171.0,12.0,10.0,12183.0
job1263,p3,1,a1_0,2,12932.0,15.0,20.0,12947.0
job1263,p3,2,a3_0,2,12947.0,13.0,10.0,12960.0
job1264,p4,1,a2_0,2,12138.0,12.0,20.0,12150.0
job1264,p4,2,a3_0,1,12196.0,6.0,10.0,12202.0
job1265,p4,1,a2_0,2,12150.0,25.0,20.0,12175.0
job1265,p4,2,a3_0,1,12208.0,7.0,10.0,12215.0
job1266,p4,1,a2_0,2,12175.0,26.0,20.0,12201.0
job1266,p4,2,a3_0,1,12226.0,14.0,10.0,12240.0
job1267,p3,1,a1_0,2,12947.0,25.0,20.0,12972.0
job1267,p3,2,a3_0,2,12973.0,12.0,10.0,12985.0
job1268,p3,1,a1_0,2,12972.0,26.0,20.0,12998.0
job1268,p3,2,a3_0,2,13012.0,13.0,10.0,13025.0
job1269,p1,1,a1_0,1,12998.0,12.0,20.0,13010.0
job1269,p1,2,a3_0,1,13025.0,10.0,10.0,13035.0
job1270,p1,1,a1_0,1,13010.0,28.0,20.0,13038.0
job1270,p1,2,a3_0,1,13061.0,14.0,10.0,13075.0
job1271,p1,1,a1_0,1,13038.0,25.0,20.0,13063.0
job1271,p1,2,a3_0,1,13089.0,11.0,10.0,13100.0
job1272,p1,1,a1_0,1,13063.0,26.0,20.0,13089.0
job1272,p1,2,a3_0,1,13113.0,13.0,10.0,13126.0
job1273,p4,1,a2_0,2,12201.0,22.0,20.0,12223.0
job1273,p4,2,a3_0,1,12254.0,14.0,10.0,12268.0
job1274,p4,1,a2_0,2,12223.0,28.0,20.0,12251.0
job1274,p4,2,a3_0,1,12290.0,7.0,10.0,12297.0
job1275,p3,1,a1_0,2,13089.0,16.0,20.0,13105.0
job1275,p3,2,a3_0,2,13134.0,14.0,10.0,13148.0
job1276,p4,1,a2_0,2,12251.0,29.0,20.0,12280.0
job1276,p4,2,a3_0,1,12304.0,6.0,10.0,12310.0
job1277,p3,1,a1_0,2,13105.0,26.0,20.0,13131.0
job1277,p3,2,a3_0,2,13154.0,5.0,10.0,13159.0
job1278,p4,1,a2_0,2,12280.0,25.0,20.0,12305.0
job1278,p4,2,a3_0,1,12321.0,15.0,10.0,12336.0
job1279,p4,1,a2_0,2,12305.0,25.0,20.0,12330.0
job1279,p4,2,a3_0,1,12352.0,7.0,10.0,12359.0
job1280,p1,1,a1_0,1,13131.0,11.0,20.0,13142.0
job1280,p1,2,a3_0,1,13173.0,7.0,10.0,13180.0
job1281,p3,1,a1_0,2,13142.0,13.0,20.0,13155.0
job1281,p3,2,a3_0,2,13192.0,6.0,10.0,13198.0
job1282,p1,1,a1_0,1,13155.0,13.0,20.0,13168.0
job1282,p1,2,a3_0,1,13213.0,6.0,10.0,13219.0
job1283,p1,1,a1_0,1,13168.0,29.0,20.0,13197.0
job1283,p1,2,a3_0,1,13231.0,11.0,10.0,13242.0
job1284,p1,1,a1_0,1,13197.0,26.0,20.0,13223.0
job1284,p1,2,a3_0,1,13261.0,9.0,10.0,13270.0
job1285,p1,1,a1_0,1,13223.0,24.0,20.0,13247.0
job1285,p1,2,a3_0,1,13276.0,7.0,10.0,13283.0
job1286,p2,1,a2_0,1,12330.0,12.0,20.0,12342.0
job1286,p2,2,a3_0,2,12371.0,7.0,10.0,12378.0
job1287,p2,1,a2_0,1,12342.0,26.0,20.0,12368.0
job1287,p2,2,a3_0,2,12385.0,5.0,10.0,12390.0
job1288,p2,1,a2_0,1,12368.0,22.0,20.0,12390.0
job1288,p2,2,a3_0,2,12398.0,6.0,10.0,12404.0
job1289,p2,1,a2_0,1,12390.0,24.0,20.0,12414.0
job1289,p2,2,a3_0,2,12420.0,10.0,10.0,12430.0
job1290,p4,1,a2_0,2,12414.0,16.0,20.0,12430.0
job1290,p4,2,a3_0,1,12430.0,8.0,10.0,12438.0
job1291,p1,1,a1_0,1,13247.0,32.0,20.0,13279.0
job1291,p1,2,a3_0,1,13289.0,6.0,10.0,13295.0
job1292,p1,1,a1_0,1,13279.0,26.0,20.0,13305.0
job1292,p1,2,a3_0,1,13307.0,15.0,10.0,13322.0
job1293,p4,1,a2_0,2,12430.0,28.0,20.0,12458.0
job1293,p4,2,a3_0,1,12458.0,14.0,10.0,12472.0
job1294,p3,1,a1_0,2,13305.0,12.0,20.0,13317.0
job1294,p3,2,a3_0,2,13333.0,7.0,10.0,13340.0
job1295,p1,1,a1_0,1,13317.0,12.0,20.0,13329.0
job1295,p1,2,a3_0,1,13340.0,7.0,10.0,13347.0
job1296,p3,1,a1_0,2,13329.0,17.0,20.0,13346.0
job1296,p3,2,a3_0,2,13361.0,10.0,10.0,13371.0
job1297,p2,1,a2_0,1,12458.0,18.0,20.0,12476.0
job1297,p2,2,a3_0,2,12487.0,8.0,10.0,12495.0
job1298,p4,1,a2_0,2,12476.0,9.0,20.0,12485.0
job1298,p4,2,a3_0,1,12495.0,7.0,10.0,12502.0
job1299,p4,1,a2_0,2,12485.0,20.0,20.0,12505.0
job1299,p4,2,a3_0,1,12510.0,7.0,10.0,12517.0
job1300,p1,1,a1_0,1,13346.0,10.0,20.0,13356.0
job1300,p1,2,a3_0,1,13371.0,6.0,10.0,13377.0
job1301,p1,1,a1_0,1,13356.0,26.0,20.0,13382.0
job1301,p1,2,a3_0,1,13389.0,14.0,10.0,13403.0
job1302,p1,1,a1_0,1,13382.0,22.0,20.0,13404.0
job1302,p1,2,a3_0,1,13408.0,9.0,10.0,13417.0
job1303,p1,1,a1_0,1,13404.0,24.0,20.0,13428.0
job1303,p1,2,a3_0,1,13428.0,8.0,10.0,13436.0
job1304,p1,1,a1_0,1,13428.0,22.0,20.0,13450.0
job1304,p1,2,a3_0,1,13450.0,6.0,10.0,13456.0
job1305,p3,1,a1_0,2,13450.0,15.0,20.0,13465.0
job1305,p3,2,a3_0,2,13470.0,14.0,10.0,13484.0
job1306,p1,1,a1_0,1,13465.0,13.0,20.0,13478.0
job1306,p1,2,a3_0,1,13484.0,6.0,10.0,13490.0
job1307,p2,1,a2_0,1,12505.0,14.0,20.0,12519.0
job1307,p2,2,a3_0,2,12524.0,10.0,10.0,12534.0
job1308,p2,1,a2_0,1,12519.0,25.0,20.0,12544.0
job1308,p2,2,a3_0,2,12553.0,13.0,10.0,12566.0
job1309,p4,1,a2_0,2,12544.0,14.0,20.0,12558.0
job1309,p4,2,a3_0,1,12573.0,12.0,10.0,12585.0
job1310,p1,1,a1_0,1,13478.0,24.0,20.0,13502.0
job1310,p1,2,a3_0,1,13502.0,7.0,10.0,13509.0
job1311,p2,1,a2_0,1,12558.0,16.0,20.0,12574.0
job1311,p2,2,a3_0,2,12590.0,15.0,10.0,12605.0
job1312,p3,1,a1_0,2,13502.0,14.0,20.0,13516.0
job1312,p3,2,a3_0,2,13516.0,7.0,10.0,13523.0
job1313,p4,1,a2_0,2,12574.0,21.0,20.0,12595.0
job1313,p4,2,a3_0,1,12618.0,7.0,10.0,12625.0
job1314,p4,1,a2_0,2,12595.0,24.0,20.0,12619.0
job1314,p4,2,a3_0,1,12638.0,11.0,10.0,12649.0
job1315,p3,1,a1_0,2,13516.0,27.0,20.0,13543.0
job1315,p3,2,a3_0,2,13543.0,15.0,10.0,13558.0
job1316,p4,1,a2_0,2,12619.0,28.0,20.0,12647.0
job1316,p4,2,a3_0,1,12656.0,6.0,10.0,12662.0
job1317,p1,1,a1_0,1,13543.0,21.0,20.0,13564.0
job1317,p1,2,a3_0,1,13576.0,13.0,10.0,13589.0
job1318,p3,1,a1_0,2,13564.0,14.0,20.0,13578.0
job1318,p3,2,a3_0,2,13589.0,6.0,10.0,13595.0
job1319,p1,1,a1_0,1,13578.0,19.0,20.0,13597.0
job1319,p1,2,a3_0,1,13617.0,11.0,10.0,13628.0
job1320,p2,1,a2_0,1,12647.0,13.0,20.0,12660.0
job1320,p2,2,a3_0,2,12669.0,14.0,10.0,12683.0
job1321,p1,1,a1_0,1,13597.0,30.0,20.0,13627.0
job1321,p1,2,a3_0,1,13642.0,14.0,10.0,13656.0
job1322,p2,1,a2_0,1,12660.0,27.0,20.0,12687.0
job1322,p2,2,a3_0,2,12690.0,7.0,10.0,12697.0
job1323,p1,1,a1_0,1,13627.0,29.0,20.0,13656.0
job1323,p1,2,a3_0,1,13669.0,12.0,10.0,13681.0
job1324,p1,1,a1_0,1,13656.0,24.0,20.0,13680.0
job1324,p1,2,a3_0,1,13687.0,7.0,10.0,13694.0
job1325,p1,1,a1_0,1,13680.0,28.0,20.0,13708.0
job1325,p1,2,a3_0,1,13708.0,7.0,10.0,13715.0
job1326,p1,1,a1_0,1,13708.0,28.0,20.0,13736.0
job1326,p1,2,a3_0,1,13736.0,8.0,10.0,13744.0
job1327,p2,1,a2_0,1,12687.0,26.0,20.0,12713.0
job1327,p2,2,a3_0,2,12727.0,8.0,10.0,12735.0
job1328,p1,1,a1_0,1,13736.0,24.0,20.0,13760.0
job1328,p1,2,a3_0,1,13765.0,13.0,10.0,13778.0
job1329,p1,1,a1_0,1,13760.0,31.0,20.0,13791.0
job1329,p1,2,a3_0,1,13794.0,13.0,10.0,13807.0
job1330,p2,1,a2_0,1,12713.0,28.0,20.0,12741.0
job1330,p2,2,a3_0,2,12741.0,13.0,10.0,12754.0
job1331,p3,1,a1_0,2,13791.0,7.0,20.0,13798.0
job1331,p3,2,a3_0,2,13807.0,8.0,10.0,13815.0
job1332,p4,1,a2_0,2,12741.0,13.0,20.0,12754.0
job1332,p4,2,a3_0,1,12761.0,12.0,10.0,12773.0
job1333,p3,1,a1_0,2,13798.0,31.0,20.0,13829.0
job1333,p3,2,a3_0,2,13829.0,7.0,10.0,13836.0
job1334,p1,1,a1_0,1,13829.0,20.0,20.0,13849.0
job1334,p1,2,a3_0,1,13849.0,15.0,10.0,13864.0
job1335,p1,1,a1_0,1,13849.0,21.0,20.0,13870.0
job1335,p1,2,a3_0,1,13872.0,7.0,10.0,13879.0
job1336,p2,1,a2_0,1,12754.0,13.0,20.0,12767.0
job1336,p2,2,a3_0,2,12783.0,6.0,10.0,12789.0
job1337,p3,1,a1_0,2,13870.0,9.0,20.0,13879.0
job1337,p3,2,a3_0,2,13886.0,13.0,10.0,13899.0
job1338,p4,1,a2_0,2,12767.0,17.0,20.0,12784.0
job1338,p4,2,a3_0,1,12789.0,7.0,10.0,12796.0
job1339,p1,1,a1_0,1,13879.0,13.0,20.0,13892.0
job1339,p1,2,a3_0,1,13899.0,8.0,10.0,13907.0
job1340,p4,1,a2_0,2,12784.0,32.0,20.0,12816.0
job1340,p4,2,a3_0,1,12816.0,6.0,10.0,12822.0
job1341,p1,1,a1_0,1,13892.0,25.0,20.0,13917.0
job1341,p1,2,a3_0,1,13917.0,6.0,10.0,13923.0
job1342,p1,1,a1_0,1,13917.0,31.0,20.0,13948.0
job1342,p1,2,a3_0,1,13948.0,9.0,10.0,13957.0
job1343,p3,1,a1_0,2,13948.0,14.0,20.0,13962.0
job1343,p3,2,a3_0,2,13964.0,10.0,10.0,13974.0
job1344,p1,1,a1_0,1,13962.0,10.0,20.0,13972.0
job1344,p1,2,a3_0,1,13974.0,8.0,10.0,13982.0
job1345,p4,1,a2_0,2,12816.0,24.0,20.0,12840.0
job1345,p4,2,a3_0,1,12840.0,14.0,10.0,12854.0
job1346,p4,1,a2_0,2,12840.0,32.0,20.0,12872.0
job1346,p4,2,a3_0,1,12872.0,15.0,10.0,12887.0
job1347,p2,1,a2_0,1,12872.0,10.0,20.0,12882.0
job1347,p2,2,a3_0,2,12898.0,5.0,10.0,12903.0
job1348,p2,1,a2_0,1,12882.0,29.0,20.0,12911.0
job1348,p2,2,a3_0,2,12924.0,5.0,10.0,12929.0
job1349,p1,1,a1_0,1,13972.0,26.0,20.0,13998.0
job1349,p1,2,a3_0,1,13998.0,6.0,10.0,14004.0
job1350,p2,1,a2_0,1,12911.0,21.0,20.0,12932.0
job1350,p2,2,a3_0,2,12940.0,6.0,10.0,12946.0
job1351,p3,1,a1_0,2,13998.0,16.0,20.0,14014.0
job1351,p3,2,a3_0,2,14014.0,13.0,10.0,14027.0
job1352,p1,1,a1_0,1,14014.0,16.0,20.0,14030.0
job1352,p1,2,a3_0,1,14033.0,14.0,10.0,14047.0
job1353,p3,1,a1_0,2,14030.0,14.0,20.0,14044.0
job1353,p3,2,a3_0,2,14052.0,12.0,10.0,14064.0
job1354,p2,1,a2_0,1,12932.0,19.0,20.0,12951.0
job1354,p2,2,a3_0,2,12960.0,13.0,10.0,12973.0
job1355,p2,1,a2_0,1,12951.0,25.0,20.0,12976.0
job1355,p2,2,a3_0,2,12985.0,13.0,10.0,12998.0
job1356,p2,1,a2_0,1,12976.0,21.0,20.0,12997.0
job1356,p2,2,a3_0,2,12998.0,14.0,10.0,13012.0
job1357,p1,1,a1_0,1,14044.0,14.0,20.0,14058.0
job1357,p1,2,a3_0,1,14075.0,14.0,10.0,14089.0
job1358,p4,1,a2_0,2,12997.0,17.0,20.0,13014.0
job1358,p4,2,a3_0,1,13035.0,12.0,10.0,13047.0
job1359,p2,1,a2_0,1,13014.0,11.0,20.0,13025.0
job1359,p2,2,a3_0,2,13047.0,9.0,10.0,13056.0
job1360,p3,1,a1_0,2,14058.0,12.0,20.0,14070.0
job1360,p3,2,a3_0,2,14089.0,7.0,10.0,14096.0
job1361,p4,1,a2_0,2,13025.0,12.0,20.0,13037.0
job1361,p4,2,a3_0,1,13056.0,5.0,10.0,13061.0
job1362,p4,1,a2_0,2,13037.0,25.0,20.0,13062.0
job1362,p4,2,a3_0,1,13075.0,14.0,10.0,13089.0
job1363,p3,1,a1_0,2,14070.0,26.0,20.0,14096.0
job1363,p3,2,a3_0,2,14109.0,12.0,10.0,14121.0
job1364,p3,1,a1_0,2,14096.0,28.0,20.0,14124.0
job1364,p3,2,a3_0,2,14139.0,7.0,10.0,14146.0
job1365,p3,1,a1_0,2,14124.0,23.0,20.0,14147.0
job1365,p3,2,a3_0,2,14160.0,15.0,10.0,14175.0
job1366,p4,1,a2_0,2,13062.0,23.0,20.0,13085.0
job1366,p4,2,a3_0,1,13100.0,13.0,10.0,13113.0
job1367,p2,1,a2_0,1,13085.0,14.0,20.0,13099.0
job1367,p2,2,a3_0,2,13126.0,8.0,10.0,13134.0
job1368,p1,1,a1_0,1,14147.0,17.0,20.0,14164.0
job1368,p1,2,a3_0,1,14182.0,13.0,10.0,14195.0
job1369,p1,1,a1_0,1,14164.0,28.0,20.0,14192.0
job1369,p1,2,a3_0,1,14202.0,6.0,10.0,14208.0
job1370,p4,1,a2_0,2,13099.0,16.0,20.0,13115.0
job1370,p4,2,a3_0,1,13148.0,6.0,10.0,13154.0
job1371,p2,1,a2_0,1,13115.0,16.0,20.0,13131.0
job1371,p2,2,a3_0,2,13159.0,14.0,10.0,13173.0
job1372,p3,1,a1_0,2,14192.0,12.0,20.0,14204.0
job1372,p3,2,a3_0,2,14214.0,10.0,10.0,14224.0
job1373,p3,1,a1_0,2,14204.0,30.0,20.0,14234.0
job1373,p3,2,a3_0,2,14236.0,15.0,10.0,14251.0
job1374,p3,1,a1_0,2,14234.0,29.0,20.0,14263.0
job1374,p3,2,a3_0,2,14273.0,7.0,10.0,14280.0
job1375,p1,1,a1_0,1,14263.0,10.0,20.0,14273.0
job1375,p1,2,a3_0,1,14280.0,5.0,10.0,14285.0
job1376,p3,1,a1_0,2,14273.0,10.0,20.0,14283.0
job1376,p3,2,a3_0,2,14293.0,12.0,10.0,14305.0
job1377,p3,1,a1_0,2,14283.0,28.0,20.0,14311.0
job1377,p3,2,a3_0,2,14311.0,8.0,10.0,14319.0
job1378,p1,1,a1_0,1,14311.0,18.0,20.0,14329.0
job1378,p1,2,a3_0,1,14334.0,8.0,10.0,14342.0
job1379,p3,1,a1_0,2,14329.0,16.0,20.0,14345.0
job1379,p3,2,a3_0,2,14357.0,6.0,10.0,14363.0
job1380,p4,1,a2_0,2,13131.0,13.0,20.0,13144.0
job1380,p4,2,a3_0,1,13180.0,12.0,10.0,13192.0
job1381,p1,1,a1_0,1,14345.0,16.0,20.0,14361.0
job1381,p1,2,a3_0,1,14375.0,8.0,10.0,14383.0
job1382,p2,1,a2_0,1,13144.0,16.0,20.0,13160.0
job1382,p2,2,a3_0,2,13198.0,15.0,10.0,13213.0
job1383,p3,1,a1_0,2,14361.0,13.0,20.0,14374.0
job1383,p3,2,a3_0,2,14383.0,5.0,10.0,14388.0
job1384,p4,1,a2_0,2,13160.0,12.0,20.0,13172.0
job1384,p4,2,a3_0,1,13219.0,12.0,10.0,13231.0
job1385,p4,1,a2_0,2,13172.0,29.0,20.0,13201.0
job1385,p4,2,a3_0,1,13242.0,11.0,10.0,13253.0
job1386,p3,1,a1_0,2,14374.0,26.0,20.0,14400.0
job1386,p3,2,a3_0,2,14400.0,13.0,10.0,14413.0
job1387,p2,1,a2_0,1,13201.0,12.0,20.0,13213.0
job1387,p2,2,a3_0,2,13253.0,8.0,10.0,13261.0
job1388,p2,1,a2_0,1,13213.0,29.0,20.0,13242.0
job1388,p2,2,a3_0,2,13270.0,6.0,10.0,13276.0
job1389,p3,1,a1_0,2,14400.0,25.0,20.0,14425.0
job1389,p3,2,a3_0,2,14425.0,5.0,10.0,14430.0
job1390,p2,1,a2_0,1,13242.0,23.0,20.0,13265.0
job1390,p2,2,a3_0,2,13283.0,6.0,10.0,13289.0
job1391,p1,1,a1_0,1,14425.0,13.0,20.0,14438.0
job1391,p1,2,a3_0,1,14438.0,12.0,10.0,14450.0
job1392,p1,1,a1_0,1,14438.0,25.0,20.0,14463.0
job1392,p1,2,a3_0,1,14466.0,12.0,10.0,14478.0
job1393,p3,1,a1_0,2,14463.0,12.0,20.0,14475.0
job1393,p3,2,a3_0,2,14484.0,12.0,10.0,14496.0
job1394,p4,1,a2_0,2,13265.0,25.0,20.0,13290.0
job1394,p4,2,a3_0,1,13295.0,12.0,10.0,13307.0
job1395,p1,1,a1_0,1,14475.0,17.0,20.0,14492.0
job1395,p1,2,a3_0,1,14509.0,9.0,10.0,14518.0
job1396,p3,1,a1_0,2,14492.0,14.0,20.0,14506.0
job1396,p3,2,a3_0,2,14531.0,9.0,10.0,14540.0
job1397,p3,1,a1_0,2,14506.0,27.0,20.0,14533.0
job1397,p3,2,a3_0,2,14552.0,11.0,10.0,14563.0
job1398,p1,1,a1_0,1,14533.0,14.0,20.0,14547.0
job1398,p1,2,a3_0,1,14570.0,11.0,10.0,14581.0
job1399,p3,1,a1_0,2,14547.0,14.0,20.0,14561.0
job1399,p3,2,a3_0,2,14590.0,13.0,10.0,14603.0
job1400,p1,1,a1_0,1,14561.0,11.0,20.0,14572.0
job1400,p1,2,a3_0,1,14617.0,5.0,10.0,14622.0
job1401,p3,1,a1_0,2,14572.0,19.0,20.0,14591.0
job1401,p3,2,a3_0,2,14633.0,7.0,10.0,14640.0
job1402,p4,1,a2_0,2,13290.0,25.0,20.0,13315.0
job1402,p4,2,a3_0,1,13322.0,11.0,10.0,13333.0
job1403,p3,1,a1_0,2,14591.0,27.0,20.0,14618.0
job1403,p3,2,a3_0,2,14653.0,11.0,10.0,14664.0
job1404,p4,1,a2_0,2,13315.0,25.0,20.0,13340.0
job1404,p4,2,a3_0,1,13347.0,14.0,10.0,13361.0
job1405,p4,1,a2_0,2,13340.0,32.0,20.0,13372.0
job1405,p4,2,a3_0,1,13377.0,12.0,10.0,13389.0
job1406,p3,1,a1_0,2,14618.0,27.0,20.0,14645.0
job1406,p3,2,a3_0,2,14684.0,8.0,10.0,14692.0
job1407,p2,1,a2_0,1,13372.0,18.0,20.0,13390.0
job1407,p2,2,a3_0,2,13403.0,5.0,10.0,13408.0
job1408,p1,1,a1_0,1,14645.0,21.0,20.0,14666.0
job1408,p1,2,a3_0,1,14698.0,14.0,10.0,14712.0
job1409,p1,1,a1_0,1,14666.0,25.0,20.0,14691.0
job1409,p1,2,a3_0,1,14720.0,8.0,10.0,14728.0
job1410,p2,1,a2_0,1,13390.0,25.0,20.0,13415.0
job1410,p2,2,a3_0,2,13417.0,8.0,10.0,13425.0
job1411,p2,1,a2_0,1,13415.0,24.0,20.0,13439.0
job1411,p2,2,a3_0,2,13439.0,6.0,10.0,13445.0
job1412,p3,1,a1_0,2,14691.0,11.0,20.0,14702.0
job1412,p3,2,a3_0,2,14728.0,4.0,10.0,14732.0
job1413,p1,1,a1_0,1,14702.0,19.0,20.0,14721.0
job1413,p1,2,a3_0,1,14745.0,5.0,10.0,14750.0
job1414,p2,1,a2_0,1,13439.0,26.0,20.0,13465.0
job1414,p2,2,a3_0,2,13465.0,5.0,10.0,13470.0
job1415,p1,1,a1_0,1,14721.0,23.0,20.0,14744.0
job1415,p1,2,a3_0,1,14763.0,13.0,10.0,14776.0
job1416,p2,1,a2_0,1,13465.0,27.0,20.0,13492.0
job1416,p2,2,a3_0,2,13492.0,7.0,10.0,13499.0
job1417,p2,1,a2_0,1,13492.0,30.0,20.0,13522.0
job1417,p2,2,a3_0,2,13523.0,13.0,10.0,13536.0
job1418,p2,1,a2_0,1,13522.0,25.0,20.0,13547.0
job1418,p2,2,a3_0,2,13558.0,12.0,10.0,13570.0
job1419,p4,1,a2_0,2,13547.0,14.0,20.0,13561.0
job1419,p4,2,a3_0,1,13570.0,6.0,10.0,13576.0
job1420,p3,1,a1_0,2,14744.0,13.0,20.0,14757.0
job1420,p3,2,a3_0,2,14792.0,8.0,10.0,14800.0
job1421,p3,1,a1_0,2,14757.0,26.0,20.0,14783.0
job1421,p3,2,a3_0,2,14813.0,13.0,10.0,14826.0
job1422,p3,1,a1_0,2,14783.0,22.0,20.0,14805.0
job1422,p3,2,a3_0,2,14837.0,14.0,10.0,14851.0
job1423,p2,1,a2_0,1,13561.0,18.0,20.0,13579.0
job1423,p2,2,a3_0,2,13595.0,13.0,10.0,13608.0
job1424,p4,1,a2_0,2,13579.0,12.0,20.0,13591.0
job1424,p4,2,a3_0,1,13608.0,9.0,10.0,13617.0
job1425,p1,1,a1_0,1,14805.0,15.0,20.0,14820.0
job1425,p1,2,a3_0,1,14862.0,5.0,10.0,14867.0
job1426,p4,1,a2_0,2,13591.0,28.0,20.0,13619.0
job1426,p4,2,a3_0,1,13628.0,14.0,10.0,13642.0
job1427,p2,1,a2_0,1,13619.0,15.0,20.0,13634.0
job1427,p2,2,a3_0,2,13656.0,5.0,10.0,13661.0
job1428,p1,1,a1_0,1,14820.0,25.0,20.0,14845.0
job1428,p1,2,a3_0,1,14879.0,13.0,10.0,14892.0
job1429,p1,1,a1_0,1,14845.0,26.0,20.0,14871.0
job1429,p1,2,a3_0,1,14907.0,11.0,10.0,14918.0
job1430,p1,1,a1_0,1,14871.0,30.0,20.0,14901.0
job1430,p1,2,a3_0,1,14926.0,7.0,10.0,14933.0
job1431,p4,1,a2_0,2,13634.0,14.0,20.0,13648.0
job1431,p4,2,a3_0,1,13661.0,8.0,10.0,13669.0
job1432,p1,1,a1_0,1,14901.0,22.0,20.0,14923.0
job1432,p1,2,a3_0,1,14941.0,8.0,10.0,14949.0
job1433,p1,1,a1_0,1,14923.0,27.0,20.0,14950.0
job1433,p1,2,a3_0,1,14960.0,14.0,10.0,14974.0
job1434,p2,1,a2_0,1,13648.0,18.0,20.0,13666.0
job1434,p2,2,a3_0,2,13681.0,6.0,10.0,13687.0
job1435,p2,1,a2_0,1,13666.0,26.0,20.0,13692.0
job1435,p2,2,a3_0,2,13694.0,7.0,10.0,13701.0
job1436,p1,1,a1_0,1,14950.0,29.0,20.0,14979.0
job1436,p1,2,a3_0,1,14989.0,10.0,10.0,14999.0
job1437,p2,1,a2_0,1,13692.0,27.0,20.0,13719.0
job1437,p2,2,a3_0,2,13719.0,5.0,10.0,13724.0
job1438,p1,1,a1_0,1,14979.0,27.0,20.0,15006.0
job1438,p1,2,a3_0,1,15027.0,12.0,10.0,15039.0
job1439,p2,1,a2_0,1,13719.0,23.0,20.0,13742.0
job1439,p2,2,a3_0,2,13744.0,6.0,10.0,13750.0
job1440,p1,1,a1_0,1,15006.0,23.0,20.0,15029.0
job1440,p1,2,a3_0,1,15047.0,10.0,10.0,15057.0
job1441,p1,1,a1_0,1,15029.0,27.0,20.0,15056.0
job1441,p1,2,a3_0,1,15064.0,8.0,10.0,15072.0
job1442,p4,1,a2_0,2,13742.0,16.0,20.0,13758.0
job1442,p4,2,a3_0,1,13758.0,7.0,10.0,13765.0
job1443,p3,1,a1_0,2,15056.0,11.0,20.0,15067.0
job1443,p3,2,a3_0,2,15072.0,8.0,10.0,15080.0
job1444,p4,1,a2_0,2,13758.0,23.0,20.0,13781.0
job1444,p4,2,a3_0,1,13781.0,13.0,10.0,13794.0
job1445,p1,1,a1_0,1,15067.0,13.0,20.0,15080.0
job1445,p1,2,a3_0,1,15092.0,7.0,10.0,15099.0
job1446,p1,1,a1_0,1,15080.0,29.0,20.0,15109.0
job1446,p1,2,a3_0,1,15120.0,7.0,10.0,15127.0
job1447,p4,1,a2_0,2,13781.0,30.0,20.0,13811.0
job1447,p4,2,a3_0,1,13815.0,7.0,10.0,13822.0
job1448,p1,1,a1_0,1,15109.0,26.0,20.0,15135.0
job1448,p1,2,a3_0,1,15151.0,8.0,10.0,15159.0
job1449,p4,1,a2_0,2,13811.0,27.0,20.0,13838.0
job1449,p4,2,a3_0,1,13838.0,7.0,10.0,13845.0
job1450,p3,1,a1_0,2,15135.0,14.0,20.0,15149.0
job1450,p3,2,a3_0,2,15159.0,10.0,10.0,15169.0
job1451,p1,1,a1_0,1,15149.0,14.0,20.0,15163.0
job1451,p1,2,a3_0,1,15182.0,7.0,10.0,15189.0
job1452,p1,1,a1_0,1,15163.0,24.0,20.0,15187.0
job1452,p1,2,a3_0,1,15197.0,9.0,10.0,15206.0
job1453,p2,1,a2_0,1,13838.0,12.0,20.0,13850.0
job1453,p2,2,a3_0,2,13864.0,8.0,10.0,13872.0
job1454,p3,1,a1_0,2,15187.0,15.0,20.0,15202.0
job1454,p3,2,a3_0,2,15227.0,13.0,10.0,15240.0
job1455,p2,1,a2_0,1,13850.0,24.0,20.0,13874.0
job1455,p2,2,a3_0,2,13879.0,7.0,10.0,13886.0
job1456,p2,1,a2_0,1,13874.0,32.0,20.0,13906.0
job1456,p2,2,a3_0,2,13907.0,8.0,10.0,13915.0
job1457,p3,1,a1_0,2,15202.0,23.0,20.0,15225.0
job1457,p3,2,a3_0,2,15245.0,8.0,10.0,15253.0
job1458,p3,1,a1_0,2,15225.0,24.0,20.0,15249.0
job1458,p3,2,a3_0,2,15261.0,8.0,10.0,15269.0
job1459,p3,1,a1_0,2,15249.0,30.0,20.0,15279.0
job1459,p3,2,a3_0,2,15283.0,15.0,10.0,15298.0
job1460,p3,1,a1_0,2,15279.0,25.0,20.0,15304.0
job1460,p3,2,a3_0,2,15311.0,12.0,10.0,15323.0
job1461,p4,1,a2_0,2,13906.0,12.0,20.0,13918.0
job1461,p4,2,a3_0,1,13923.0,13.0,10.0,13936.0
job1462,p3,1,a1_0,2,15304.0,22.0,20.0,15326.0
job1462,p3,2,a3_0,2,15341.0,6.0,10.0,15347.0
job1463,p2,1,a2_0,1,13918.0,11.0,20.0,13929.0
job1463,p2,2,a3_0,2,13936.0,10.0,10.0,13946.0
job1464,p1,1,a1_0,1,15326.0,15.0,20.0,15341.0
job1464,p1,2,a3_0,1,15361.0,7.0,10.0,15368.0
job1465,p2,1,a2_0,1,13929.0,21.0,20.0,13950.0
job1465,p2,2,a3_0,2,13957.0,7.0,10.0,13964.0
job1466,p1,1,a1_0,1,15341.0,24.0,20.0,15365.0
job1466,p1,2,a3_0,1,15381.0,15.0,10.0,15396.0
job1467,p2,1,a2_0,1,13950.0,27.0,20.0,13977.0
job1467,p2,2,a3_0,2,13982.0,10.0,10.0,13992.0
job1468,p2,1,a2_0,1,13977.0,24.0,20.0,14001.0
job1468,p2,2,a3_0,2,14004.0,6.0,10.0,14010.0
job1469,p4,1,a2_0,2,14001.0,20.0,20.0,14021.0
job1469,p4,2,a3_0,1,14027.0,6.0,10.0,14033.0
job1470,p2,1,a2_0,1,14021.0,15.0,20.0,14036.0
job1470,p2,2,a3_0,2,14047.0,5.0,10.0,14052.0
job1471,p4,1,a2_0,2,14036.0,16.0,20.0,14052.0
job1471,p4,2,a3_0,1,14064.0,11.0,10.0,14075.0
job1472,p4,1,a2_0,2,14052.0,23.0,20.0,14075.0
job1472,p4,2,a3_0,1,14096.0,6.0,10.0,14102.0
job1473,p3,1,a1_0,2,15365.0,11.0,20.0,15376.0
job1473,p3,2,a3_0,2,15396.0,7.0,10.0,15403.0
job1474,p1,1,a1_0,1,15376.0,13.0,20.0,15389.0
job1474,p1,2,a3_0,1,15412.0,12.0,10.0,15424.0
job1475,p1,1,a1_0,1,15389.0,27.0,20.0,15416.0
job1475,p1,2,a3_0,1,15431.0,7.0,10.0,15438.0
job1476,p1,1,a1_0,1,15416.0,20.0,20.0,15436.0
job1476,p1,2,a3_0,1,15456.0,7.0,10.0,15463.0
job1477,p2,1,a2_0,1,14075.0,13.0,20.0,14088.0
job1477,p2,2,a3_0,2,14102.0,7.0,10.0,14109.0
job1478,p2,1,a2_0,1,14088.0,26.0,20.0,14114.0
job1478,p2,2,a3_0,2,14121.0,12.0,10.0,14133.0
job1479,p1,1,a1_0,1,15436.0,30.0,20.0,15466.0
job1479,p1,2,a3_0,1,15467.0,8.0,10.0,15475.0
job1480,p4,1,a2_0,2,14114.0,9.0,20.0,14123.0
job1480,p4,2,a3_0,1,14133.0,6.0,10.0,14139.0
job1481,p1,1,a1_0,1,15466.0,21.0,20.0,15487.0
job1481,p1,2,a3_0,1,15488.0,16.0,10.0,15504.0
job1482,p2,1,a2_0,1,14123.0,15.0,20.0,14138.0
job1482,p2,2,a3_0,2,14146.0,14.0,10.0,14160.0
job1483,p4,1,a2_0,2,14138.0,17.0,20.0,14155.0
job1483,p4,2,a3_0,1,14175.0,7.0,10.0,14182.0
job1484,p3,1,a1_0,2,15487.0,16.0,20.0,15503.0
job1484,p3,2,a3_0,2,15516.0,6.0,10.0,15522.0
job1485,p2,1,a2_0,1,14155.0,13.0,20.0,14168.0
job1485,p2,2,a3_0,2,14195.0,7.0,10.0,14202.0
job1486,p2,1,a2_0,1,14168.0,24.0,20.0,14192.0
job1486,p2,2,a3_0,2,14208.0,6.0,10.0,14214.0
job1487,p2,1,a2_0,1,14192.0,27.0,20.0,14219.0
job1487,p2,2,a3_0,2,14224.0,12.0,10.0,14236.0
job1488,p3,1,a1_0,2,15503.0,26.0,20.0,15529.0
job1488,p3,2,a3_0,2,15535.0,13.0,10.0,15548.0
job1489,p1,1,a1_0,1,15529.0,12.0,20.0,15541.0
job1489,p1,2,a3_0,1,15558.0,8.0,10.0,15566.0
job1490,p2,1,a2_0,1,14219.0,30.0,20.0,14249.0
job1490,p2,2,a3_0,2,14251.0,16.0,10.0,14267.0
job1491,p4,1,a2_0,2,14249.0,10.0,20.0,14259.0
job1491,p4,2,a3_0,1,14267.0,6.0,10.0,14273.0
job1492,p2,1,a2_0,1,14259.0,16.0,20.0,14275.0
job1492,p2,2,a3_0,2,14285.0,8.0,10.0,14293.0
job1493,p4,1,a2_0,2,14275.0,14.0,20.0,14289.0
job1493,p4,2,a3_0,1,14305.0,6.0,10.0,14311.0
job1494,p4,1,a2_0,2,14289.0,24.0,20.0,14313.0
job1494,p4,2,a3_0,1,14319.0,9.0,10.0,14328.0
job1495,p2,1,a2_0,1,14313.0,15.0,20.0,14328.0
job1495,p2,2,a3_0,2,14328.0,6.0,10.0,14334.0
job1496,p1,1,a1_0,1,15541.0,25.0,20.0,15566.0
job1496,p1,2,a3_0,1,15573.0,9.0,10.0,15582.0
job1497,p4,1,a2_0,2,14328.0,15.0,20.0,14343.0
job1497,p4,2,a3_0,1,14343.0,14.0,10.0,14357.0
job1498,p2,1,a2_0,1,14343.0,13.0,20.0,14356.0
job1498,p2,2,a3_0,2,14363.0,12.0,10.0,14375.0
job1499,p4,1,a2_0,2,14356.0,20.0,20.0,14376.0
job1499,p4,2,a3_0,1,14388.0,6.0,10.0,14394.0
job1500,p3,1,a1_0,2,15566.0,21.0,20.0,15587.0
job1500,p3,2,a3_0,2,15594.0,8.0,10.0,15602.0
job1501,p1,1,a1_0,1,15587.0,12.0,20.0,15599.0
job1501,p1,2,a3_0,1,15610.0,13.0,10.0,15623.0
job1502,p3,1,a1_0,2,15599.0,12.0,20.0,15611.0
job1502,p3,2,a3_0,2,15623.0,8.0,10.0,15631.0
job1503,p2,1,a2_0,1,14376.0,11.0,20.0,14387.0
job1503,p2,2,a3_0,2,14394.0,6.0,10.0,14400.0
job1504,p4,1,a2_0,2,14387.0,16.0,20.0,14403.0
job1504,p4,2,a3_0,1,14413.0,8.0,10.0,14421.0
job1505,p4,1,a2_0,2,14403.0,25.0,20.0,14428.0
job1505,p4,2,a3_0,1,14430.0,5.0,10.0,14435.0
job1506,p2,1,a2_0,1,14428.0,12.0,20.0,14440.0
job1506,p2,2,a3_0,2,14450.0,7.0,10.0,14457.0
job1507,p1,1,a1_0,1,15611.0,15.0,20.0,15626.0
job1507,p1,2,a3_0,1,15642.0,7.0,10.0,15649.0
job1508,p1,1,a1_0,1,15626.0,26.0,20.0,15652.0
job1508,p1,2,a3_0,1,15655.0,3.0,10.0,15658.0
job1509,p4,1,a2_0,2,14440.0,16.0,20.0,14456.0
job1509,p4,2,a3_0,1,14457.0,9.0,10.0,14466.0
job1510,p1,1,a1_0,1,15652.0,27.0,20.0,15679.0
job1510,p1,2,a3_0,1,15679.0,7.0,10.0,15686.0
job1511,p1,1,a1_0,1,15679.0,26.0,20.0,15705.0
job1511,p1,2,a3_0,1,15705.0,13.0,10.0,15718.0
job1512,p2,1,a2_0,1,14456.0,10.0,20.0,14466.0
job1512,p2,2,a3_0,2,14478.0,6.0,10.0,14484.0
job1513,p1,1,a1_0,1,15705.0,22.0,20.0,15727.0
job1513,p1,2,a3_0,1,15738.0,8.0,10.0,15746.0
job1514,p1,1,a1_0,1,15727.0,27.0,20.0,15754.0
job1514,p1,2,a3_0,1,15754.0,8.0,10.0,15762.0
job1515,p4,1,a2_0,2,14466.0,11.0,20.0,14477.0
job1515,p4,2,a3_0,1,14496.0,6.0,10.0,14502.0
job1516,p2,1,a2_0,1,14477.0,14.0,20.0,14491.0
job1516,p2,2,a3_0,2,14502.0,7.0,10.0,14509.0
job1517,p1,1,a1_0,1,15754.0,28.0,20.0,15782.0
job1517,p1,2,a3_0,1,15782.0,8.0,10.0,15790.0
job1518,p4,1,a2_0,2,14491.0,15.0,20.0,14506.0
job1518,p4,2,a3_0,1,14518.0,13.0,10.0,14531.0
job1519,p2,1,a2_0,1,14506.0,12.0,20.0,14518.0
job1519,p2,2,a3_0,2,14540.0,12.0,10.0,14552.0
job1520,p4,1,a2_0,2,14518.0,17.0,20.0,14535.0
job1520,p4,2,a3_0,1,14563.0,7.0,10.0,14570.0
job1521,p1,1,a1_0,1,15782.0,27.0,20.0,15809.0
job1521,p1,2,a3_0,1,15809.0,9.0,10.0,15818.0
job1522,p1,1,a1_0,1,15809.0,28.0,20.0,15837.0
job1522,p1,2,a3_0,1,15837.0,5.0,10.0,15842.0
job1523,p1,1,a1_0,1,15837.0,26.0,20.0,15863.0
job1523,p1,2,a3_0,1,15863.0,6.0,10.0,15869.0
job1524,p2,1,a2_0,1,14535.0,13.0,20.0,14548.0
job1524,p2,2,a3_0,2,14581.0,9.0,10.0,14590.0
job1525,p2,1,a2_0,1,14548.0,24.0,20.0,14572.0
job1525,p2,2,a3_0,2,14603.0,14.0,10.0,14617.0
job1526,p3,1,a1_0,2,15863.0,14.0,20.0,15877.0
job1526,p3,2,a3_0,2,15877.0,6.0,10.0,15883.0
job1527,p1,1,a1_0,1,15877.0,14.0,20.0,15891.0
job1527,p1,2,a3_0,1,15896.0,6.0,10.0,15902.0
job1528,p1,1,a1_0,1,15891.0,28.0,20.0,15919.0
job1528,p1,2,a3_0,1,15919.0,6.0,10.0,15925.0
job1529,p4,1,a2_0,2,14572.0,15.0,20.0,14587.0
job1529,p4,2,a3_0,1,14622.0,11.0,10.0,14633.0
job1530,p2,1,a2_0,1,14587.0,13.0,20.0,14600.0
job1530,p2,2,a3_0,2,14640.0,13.0,10.0,14653.0
job1531,p3,1,a1_0,2,15919.0,13.0,20.0,15932.0
job1531,p3,2,a3_0,2,15932.0,9.0,10.0,15941.0
job1532,p2,1,a2_0,1,14600.0,21.0,20.0,14621.0
job1532,p2,2,a3_0,2,14664.0,13.0,10.0,14677.0
job1533,p4,1,a2_0,2,14621.0,18.0,20.0,14639.0
job1533,p4,2,a3_0,1,14677.0,7.0,10.0,14684.0
job1534,p4,1,a2_0,2,14639.0,26.0,20.0,14665.0
job1534,p4,2,a3_0,1,14692.0,6.0,10.0,14698.0
job1535,p1,1,a1_0,1,15932.0,18.0,20.0,15950.0
job1535,p1,2,a3_0,1,15954.0,7.0,10.0,15961.0
job1536,p2,1,a2_0,1,14665.0,12.0,20.0,14677.0
job1536,p2,2,a3_0,2,14712.0,8.0,10.0,14720.0
job1537,p1,1,a1_0,1,15950.0,23.0,20.0,15973.0
job1537,p1,2,a3_0,1,15973.0,5.0,10.0,15978.0
job1538,p3,1,a1_0,2,15973.0,14.0,20.0,15987.0
job1538,p3,2,a3_0,2,15991.0,7.0,10.0,15998.0
job1539,p2,1,a2_0,1,14677.0,31.0,20.0,14708.0
job1539,p2,2,a3_0,2,14732.0,13.0,10.0,14745.0
job1540,p1,1,a1_0,1,15987.0,15.0,20.0,16002.0
job1540,p1,2,a3_0,1,16012.0,4.0,10.0,16016.0
job1541,p1,1,a1_0,1,16002.0,25.0,20.0,16027.0
job1541,p1,2,a3_0,1,16029.0,12.0,10.0,16041.0
job1542,p3,1,a1_0,2,16027.0,14.0,20.0,16041.0
job1542,p3,2,a3_0,2,16055.0,8.0,10.0,16063.0
job1543,p1,1,a1_0,1,16041.0,15.0,20.0,16056.0
job1543,p1,2,a3_0,1,16063.0,5.0,10.0,16068.0
job1544,p4,1,a2_0,2,14708.0,14.0,20.0,14722.0
job1544,p4,2,a3_0,1,14750.0,13.0,10.0,14763.0
job1545,p1,1,a1_0,1,16056.0,25.0,20.0,16081.0
job1545,p1,2,a3_0,1,16081.0,15.0,10.0,16096.0
job1546,p1,1,a1_0,1,16081.0,28.0,20.0,16109.0
job1546,p1,2,a3_0,1,16119.0,8.0,10.0,16127.0
job1547,p1,1,a1_0,1,16109.0,26.0,20.0,16135.0
job1547,p1,2,a3_0,1,16142.0,13.0,10.0,16155.0
job1548,p3,1,a1_0,2,16135.0,16.0,20.0,16151.0
job1548,p3,2,a3_0,2,16155.0,7.0,10.0,16162.0
job1549,p4,1,a2_0,2,14722.0,29.0,20.0,14751.0
job1549,p4,2,a3_0,1,14776.0,16.0,10.0,14792.0
job1550,p1,1,a1_0,1,16151.0,11.0,20.0,16162.0
job1550,p1,2,a3_0,1,16173.0,15.0,10.0,16188.0
job1551,p2,1,a2_0,1,14751.0,14.0,20.0,14765.0
job1551,p2,2,a3_0,2,14800.0,13.0,10.0,14813.0
job1552,p3,1,a1_0,2,16162.0,19.0,20.0,16181.0
job1552,p3,2,a3_0,2,16203.0,8.0,10.0,16211.0
job1553,p2,1,a2_0,1,14765.0,24.0,20.0,14789.0
job1553,p2,2,a3_0,2,14826.0,11.0,10.0,14837.0
job1554,p1,1,a1_0,1,16181.0,15.0,20.0,16196.0
job1554,p1,2,a3_0,1,16223.0,8.0,10.0,16231.0
job1555,p2,1,a2_0,1,14789.0,24.0,20.0,14813.0
job1555,p2,2,a3_0,2,14851.0,11.0,10.0,14862.0
job1556,p4,1,a2_0,2,14813.0,16.0,20.0,14829.0
job1556,p4,2,a3_0,1,14867.0,12.0,10.0,14879.0
job1557,p1,1,a1_0,1,16196.0,24.0,20.0,16220.0
job1557,p1,2,a3_0,1,16248.0,13.0,10.0,16261.0
job1558,p4,1,a2_0,2,14829.0,35.0,20.0,14864.0
job1558,p4,2,a3_0,1,14892.0,15.0,10.0,14907.0
job1559,p2,1,a2_0,1,14864.0,19.0,20.0,14883.0
job1559,p2,2,a3_0,2,14918.0,8.0,10.0,14926.0
job1560,p1,1,a1_0,1,16220.0,27.0,20.0,16247.0
job1560,p1,2,a3_0,1,16273.0,14.0,10.0,16287.0
job1561,p2,1,a2_0,1,14883.0,25.0,20.0,14908.0
job1561,p2,2,a3_0,2,14933.0,8.0,10.0,14941.0
job1562,p3,1,a1_0,2,16247.0,13.0,20.0,16260.0
job1562,p3,2,a3_0,2,16299.0,5.0,10.0,16304.0
job1563,p4,1,a2_0,2,14908.0,19.0,20.0,14927.0
job1563,p4,2,a3_0,1,14949.0,11.0,10.0,14960.0
job1564,p1,1,a1_0,1,16260.0,14.0,20.0,16274.0
job1564,p1,2,a3_0,1,16304.0,7.0,10.0,16311.0
job1565,p1,1,a1_0,1,16274.0,22.0,20.0,16296.0
job1565,p1,2,a3_0,1,16321.0,13.0,10.0,16334.0
job1566,p3,1,a1_0,2,16296.0,13.0,20.0,16309.0
job1566,p3,2,a3_0,2,16348.0,9.0,10.0,16357.0
job1567,p4,1,a2_0,2,14927.0,26.0,20.0,14953.0
job1567,p4,2,a3_0,1,14974.0,15.0,10.0,14989.0
job1568,p3,1,a1_0,2,16309.0,26.0,20.0,16335.0
job1568,p3,2,a3_0,2,16365.0,8.0,10.0,16373.0
job1569,p4,1,a2_0,2,14953.0,30.0,20.0,14983.0
job1569,p4,2,a3_0,1,14999.0,12.0,10.0,15011.0
job1570,p4,1,a2_0,2,14983.0,20.0,20.0,15003.0
job1570,p4,2,a3_0,1,15011.0,16.0,10.0,15027.0
job1571,p1,1,a1_0,1,16335.0,19.0,20.0,16354.0
job1571,p1,2,a3_0,1,16380.0,11.0,10.0,16391.0
job1572,p3,1,a1_0,2,16354.0,11.0,20.0,16365.0
job1572,p3,2,a3_0,2,16391.0,8.0,10.0,16399.0
job1573,p3,1,a1_0,2,16365.0,25.0,20.0,16390.0
job1573,p3,2,a3_0,2,16404.0,7.0,10.0,16411.0
job1574,p3,1,a1_0,2,16390.0,26.0,20.0,16416.0
job1574,p3,2,a3_0,2,16418.0,6.0,10.0,16424.0
job1575,p2,1,a2_0,1,15003.0,15.0,20.0,15018.0
job1575,p2,2,a3_0,2,15039.0,8.0,10.0,15047.0
job1576,p1,1,a1_0,1,16416.0,11.0,20.0,16427.0
job1576,p1,2,a3_0,1,16433.0,15.0,10.0,16448.0
job1577,p3,1,a1_0,2,16427.0,13.0,20.0,16440.0
job1577,p3,2,a3_0,2,16448.0,7.0,10.0,16455.0
job1578,p2,1,a2_0,1,15018.0,26.0,20.0,15044.0
job1578,p2,2,a3_0,2,15057.0,7.0,10.0,15064.0
job1579,p2,1,a2_0,1,15044.0,26.0,20.0,15070.0
job1579,p2,2,a3_0,2,15080.0,12.0,10.0,15092.0
job1580,p4,1,a2_0,2,15070.0,13.0,20.0,15083.0
job1580,p4,2,a3_0,1,15099.0,14.0,10.0,15113.0
job1581,p3,1,a1_0,2,16440.0,24.0,20.0,16464.0
job1581,p3,2,a3_0,2,16464.0,11.0,10.0,16475.0
job1582,p2,1,a2_0,1,15083.0,16.0,20.0,15099.0
job1582,p2,2,a3_0,2,15113.0,7.0,10.0,15120.0
job1583,p4,1,a2_0,2,15099.0,11.0,20.0,15110.0
job1583,p4,2,a3_0,1,15127.0,15.0,10.0,15142.0
job1584,p2,1,a2_0,1,15110.0,13.0,20.0,15123.0
job1584,p2,2,a3_0,2,15142.0,9.0,10.0,15151.0
job1585,p3,1,a1_0,2,16464.0,25.0,20.0,16489.0
job1585,p3,2,a3_0,2,16491.0,7.0,10.0,16498.0
job1586,p1,1,a1_0,1,16489.0,17.0,20.0,16506.0
job1586,p1,2,a3_0,1,16511.0,7.0,10.0,16518.0
job1587,p1,1,a1_0,1,16506.0,28.0,20.0,16534.0
job1587,p1,2,a3_0,1,16534.0,13.0,10.0,16547.0
job1588,p2,1,a2_0,1,15123.0,27.0,20.0,15150.0
job1588,p2,2,a3_0,2,15169.0,13.0,10.0,15182.0
job1589,p3,1,a1_0,2,16534.0,11.0,20.0,16545.0
job1589,p3,2,a3_0,2,16547.0,7.0,10.0,16554.0
job1590,p3,1,a1_0,2,16545.0,27.0,20.0,16572.0
job1590,p3,2,a3_0,2,16573.0,13.0,10.0,16586.0
job1591,p2,1,a2_0,1,15150.0,24.0,20.0,15174.0
job1591,p2,2,a3_0,2,15189.0,8.0,10.0,15197.0
job1592,p1,1,a1_0,1,16572.0,13.0,20.0,16585.0
job1592,p1,2,a3_0,1,16586.0,9.0,10.0,16595.0
job1593,p4,1,a2_0,2,15174.0,13.0,20.0,15187.0
job1593,p4,2,a3_0,1,15206.0,12.0,10.0,15218.0
job1594,p1,1,a1_0,1,16585.0,26.0,20.0,16611.0
job1594,p1,2,a3_0,1,16617.0,7.0,10.0,16624.0
job1595,p3,1,a1_0,2,16611.0,13.0,20.0,16624.0
job1595,p3,2,a3_0,2,16638.0,6.0,10.0,16644.0
job1596,p3,1,a1_0,2,16624.0,23.0,20.0,16647.0
job1596,p3,2,a3_0,2,16660.0,12.0,10.0,16672.0
job1597,p3,1,a1_0,2,16647.0,30.0,20.0,16677.0
job1597,p3,2,a3_0,2,16691.0,5.0,10.0,16696.0
job1598,p2,1,a2_0,1,15187.0,10.0,20.0,15197.0
job1598,p2,2,a3_0,2,15218.0,9.0,10.0,15227.0
job1599,p4,1,a2_0,2,15197.0,22.0,20.0,15219.0
job1599,p4,2,a3_0,1,15240.0,5.0,10.0,15245.0
job1600,p4,1,a2_0,2,15219.0,28.0,20.0,15247.0
job1600,p4,2,a3_0,1,15253.0,8.0,10.0,15261.0
job1601,p2,1,a2_0,1,15247.0,16.0,20.0,15263.0
job1601,p2,2,a3_0,2,15269.0,14.0,10.0,15283.0
job1602,p1,1,a1_0,1,16677.0,17.0,20.0,16694.0
job1602,p1,2,a3_0,1,16696.0,9.0,10.0,16705.0
job1603,p2,1,a2_0,1,15263.0,20.0,20.0,15283.0
job1603,p2,2,a3_0,2,15298.0,13.0,10.0,15311.0
job1604,p3,1,a1_0,2,16694.0,12.0,20.0,16706.0
job1604,p3,2,a3_0,2,16717.0,9.0,10.0,16726.0
job1605,p3,1,a1_0,2,16706.0,32.0,20.0,16738.0
job1605,p3,2,a3_0,2,16749.0,13.0,10.0,16762.0
job1606,p1,1,a1_0,1,16738.0,13.0,20.0,16751.0
job1606,p1,2,a3_0,1,16770.0,11.0,10.0,16781.0
job1607,p2,1,a2_0,1,15283.0,22.0,20.0,15305.0
job1607,p2,2,a3_0,2,15323.0,11.0,10.0,15334.0
job1608,p1,1,a1_0,1,16751.0,25.0,20.0,16776.0
job1608,p1,2,a3_0,1,16789.0,7.0,10.0,16796.0
job1609,p3,1,a1_0,2,16776.0,14.0,20.0,16790.0
job1609,p3,2,a3_0,2,16803.0,14.0,10.0,16817.0
job1610,p4,1,a2_0,2,15305.0,9.0,20.0,15314.0
job1610,p4,2,a3_0,1,15334.0,7.0,10.0,15341.0
job1611,p2,1,a2_0,1,15314.0,19.0,20.0,15333.0
job1611,p2,2,a3_0,2,15347.0,14.0,10.0,15361.0
job1612,p3,1,a1_0,2,16790.0,31.0,20.0,16821.0
job1612,p3,2,a3_0,2,16829.0,11.0,10.0,16840.0
job1613,p1,1,a1_0,1,16821.0,12.0,20.0,16833.0
job1613,p1,2,a3_0,1,16840.0,8.0,10.0,16848.0
job1614,p4,1,a2_0,2,15333.0,21.0,20.0,15354.0
job1614,p4,2,a3_0,1,15368.0,13.0,10.0,15381.0
job1615,p1,1,a1_0,1,16833.0,20.0,20.0,16853.0
job1615,p1,2,a3_0,1,16854.0,11.0,10.0,16865.0
job1616,p3,1,a1_0,2,16853.0,13.0,20.0,16866.0
job1616,p3,2,a3_0,2,16877.0,6.0,10.0,16883.0
job1617,p4,1,a2_0,2,15354.0,30.0,20.0,15384.0
job1617,p4,2,a3_0,1,15403.0,9.0,10.0,15412.0
job1618,p1,1,a1_0,1,16866.0,13.0,20.0,16879.0
job1618,p1,2,a3_0,1,16896.0,5.0,10.0,16901.0
job1619,p2,1,a2_0,1,15384.0,19.0,20.0,15403.0
job1619,p2,2,a3_0,2,15424.0,7.0,10.0,15431.0
job1620,p4,1,a2_0,2,15403.0,16.0,20.0,15419.0
job1620,p4,2,a3_0,1,15438.0,12.0,10.0,15450.0
job1621,p1,1,a1_0,1,16879.0,24.0,20.0,16903.0
job1621,p1,2,a3_0,1,16903.0,12.0,10.0,16915.0
job1622,p2,1,a2_0,1,15419.0,11.0,20.0,15430.0
job1622,p2,2,a3_0,2,15450.0,6.0,10.0,15456.0
job1623,p1,1,a1_0,1,16903.0,25.0,20.0,16928.0
job1623,p1,2,a3_0,1,16928.0,7.0,10.0,16935.0
job1624,p1,1,a1_0,1,16928.0,23.0,20.0,16951.0
job1624,p1,2,a3_0,1,16954.0,12.0,10.0,16966.0
job1625,p2,1,a2_0,1,15430.0,26.0,20.0,15456.0
job1625,p2,2,a3_0,2,15463.0,4.0,10.0,15467.0
job1626,p4,1,a2_0,2,15456.0,12.0,20.0,15468.0
job1626,p4,2,a3_0,1,15475.0,13.0,10.0,15488.0
job1627,p3,1,a1_0,2,16951.0,11.0,20.0,16962.0
job1627,p3,2,a3_0,2,16966.0,8.0,10.0,16974.0
job1628,p3,1,a1_0,2,16962.0,24.0,20.0,16986.0
job1628,p3,2,a3_0,2,16986.0,5.0,10.0,16991.0
job1629,p4,1,a2_0,2,15468.0,23.0,20.0,15491.0
job1629,p4,2,a3_0,1,15504.0,12.0,10.0,15516.0
job1630,p2,1,a2_0,1,15491.0,14.0,20.0,15505.0
job1630,p2,2,a3_0,2,15522.0,13.0,10.0,15535.0
job1631,p3,1,a1_0,2,16986.0,24.0,20.0,17010.0
job1631,p3,2,a3_0,2,17010.0,13.0,10.0,17023.0
job1632,p2,1,a2_0,1,15505.0,26.0,20.0,15531.0
job1632,p2,2,a3_0,2,15548.0,10.0,10.0,15558.0
job1633,p2,1,a2_0,1,15531.0,25.0,20.0,15556.0
job1633,p2,2,a3_0,2,15566.0,7.0,10.0,15573.0
job1634,p1,1,a1_0,1,17010.0,12.0,20.0,17022.0
job1634,p1,2,a3_0,1,17034.0,5.0,10.0,17039.0
job1635,p1,1,a1_0,1,17022.0,32.0,20.0,17054.0
job1635,p1,2,a3_0,1,17054.0,7.0,10.0,17061.0
job1636,p4,1,a2_0,2,15556.0,13.0,20.0,15569.0
job1636,p4,2,a3_0,1,15582.0,12.0,10.0,15594.0
job1637,p1,1,a1_0,1,17054.0,28.0,20.0,17082.0
job1637,p1,2,a3_0,1,17082.0,9.0,10.0,17091.0
job1638,p4,1,a2_0,2,15569.0,26.0,20.0,15595.0
job1638,p4,2,a3_0,1,15602.0,8.0,10.0,15610.0
job1639,p2,1,a2_0,1,15595.0,17.0,20.0,15612.0
job1639,p2,2,a3_0,2,15631.0,11.0,10.0,15642.0
job1640,p1,1,a1_0,1,17082.0,27.0,20.0,17109.0
job1640,p1,2,a3_0,1,17109.0,13.0,10.0,17122.0
job1641,p1,1,a1_0,1,17109.0,25.0,20.0,17134.0
job1641,p1,2,a3_0,1,17134.0,12.0,10.0,17146.0
job1642,p2,1,a2_0,1,15612.0,24.0,20.0,15636.0
job1642,p2,2,a3_0,2,15649.0,6.0,10.0,15655.0
job1643,p2,1,a2_0,1,15636.0,24.0,20.0,15660.0
job1643,p2,2,a3_0,2,15660.0,5.0,10.0,15665.0
job1644,p4,1,a2_0,2,15660.0,20.0,20.0,15680.0
job1644,p4,2,a3_0,1,15686.0,11.0,10.0,15697.0
job1645,p4,1,a2_0,2,15680.0,25.0,20.0,15705.0
job1645,p4,2,a3_0,1,15718.0,12.0,10.0,15730.0
job1646,p2,1,a2_0,1,15705.0,12.0,20.0,15717.0
job1646,p2,2,a3_0,2,15730.0,8.0,10.0,15738.0
job1647,p3,1,a1_0,2,17134.0,10.0,20.0,17144.0
job1647,p3,2,a3_0,2,17157.0,8.0,10.0,17165.0
job1648,p1,1,a1_0,1,17144.0,12.0,20.0,17156.0
job1648,p1,2,a3_0,1,17165.0,9.0,10.0,17174.0
job1649,p2,1,a2_0,1,15717.0,24.0,20.0,15741.0
job1649,p2,2,a3_0,2,15746.0,4.0,10.0,15750.0
job1650,p1,1,a1_0,1,17156.0,26.0,20.0,17182.0
job1650,p1,2,a3_0,1,17191.0,8.0,10.0,17199.0
job1651,p3,1,a1_0,2,17182.0,11.0,20.0,17193.0
job1651,p3,2,a3_0,2,17199.0,6.0,10.0,17205.0
job1652,p2,1,a2_0,1,15741.0,29.0,20.0,15770.0
job1652,p2,2,a3_0,2,15770.0,7.0,10.0,15777.0
job1653,p4,1,a2_0,2,15770.0,16.0,20.0,15786.0
job1653,p4,2,a3_0,1,15790.0,12.0,10.0,15802.0
job1654,p2,1,a2_0,1,15786.0,15.0,20.0,15801.0
job1654,p2,2,a3_0,2,15802.0,6.0,10.0,15808.0
job1655,p1,1,a1_0,1,17193.0,17.0,20.0,17210.0
job1655,p1,2,a3_0,1,17212.0,13.0,10.0,17225.0
job1656,p2,1,a2_0,1,15801.0,24.0,20.0,15825.0
job1656,p2,2,a3_0,2,15825.0,7.0,10.0,15832.0
job1657,p1,1,a1_0,1,17210.0,29.0,20.0,17239.0
job1657,p1,2,a3_0,1,17239.0,12.0,10.0,17251.0
job1658,p2,1,a2_0,1,15825.0,30.0,20.0,15855.0
job1658,p2,2,a3_0,2,15855.0,8.0,10.0,15863.0
job1659,p3,1,a1_0,2,17239.0,18.0,20.0,17257.0
job1659,p3,2,a3_0,2,17265.0,5.0,10.0,17270.0
job1660,p1,1,a1_0,1,17257.0,13.0,20.0,17270.0
job1660,p1,2,a3_0,1,17282.0,8.0,10.0,17290.0
job1661,p2,1,a2_0,1,15855.0,26.0,20.0,15881.0
job1661,p2,2,a3_0,2,15883.0,13.0,10.0,15896.0
job1662,p3,1,a1_0,2,17270.0,16.0,20.0,17286.0
job1662,p3,2,a3_0,2,17290.0,7.0,10.0,17297.0
job1663,p2,1,a2_0,1,15881.0,25.0,20.0,15906.0
job1663,p2,2,a3_0,2,15906.0,6.0,10.0,15912.0
job1664,p2,1,a2_0,1,15906.0,29.0,20.0,15935.0
job1664,p2,2,a3_0,2,15941.0,13.0,10.0,15954.0
job1665,p1,1,a1_0,1,17286.0,13.0,20.0,17299.0
job1665,p1,2,a3_0,1,17308.0,6.0,10.0,17314.0
job1666,p2,1,a2_0,1,15935.0,26.0,20.0,15961.0
job1666,p2,2,a3_0,2,15961.0,10.0,10.0,15971.0
job1667,p1,1,a1_0,1,17299.0,23.0,20.0,17322.0
job1667,p1,2,a3_0,1,17325.0,7.0,10.0,17332.0
job1668,p4,1,a2_0,2,15961.0,13.0,20.0,15974.0
job1668,p4,2,a3_0,1,15978.0,13.0,10.0,15991.0
job1669,p2,1,a2_0,1,15974.0,18.0,20.0,15992.0
job1669,p2,2,a3_0,2,15998.0,14.0,10.0,16012.0
job1670,p4,1,a2_0,2,15992.0,12.0,20.0,16004.0
job1670,p4,2,a3_0,1,16016.0,13.0,10.0,16029.0
job1671,p1,1,a1_0,1,17322.0,29.0,20.0,17351.0
job1671,p1,2,a3_0,1,17353.0,8.0,10.0,17361.0
job1672,p3,1,a1_0,2,17351.0,14.0,20.0,17365.0
job1672,p3,2,a3_0,2,17365.0,6.0,10.0,17371.0
job1673,p4,1,a2_0,2,16004.0,26.0,20.0,16030.0
job1673,p4,2,a3_0,1,16041.0,14.0,10.0,16055.0
job1674,p3,1,a1_0,2,17365.0,25.0,20.0,17390.0
job1674,p3,2,a3_0,2,17390.0,15.0,10.0,17405.0
job1675,p3,1,a1_0,2,17390.0,28.0,20.0,17418.0
job1675,p3,2,a3_0,2,17424.0,8.0,10.0,17432.0
job1676,p4,1,a2_0,2,16030.0,27.0,20.0,16057.0
job1676,p4,2,a3_0,1,16068.0,12.0,10.0,16080.0
job1677,p4,1,a2_0,2,16057.0,24.0,20.0,16081.0
job1677,p4,2,a3_0,1,16096.0,16.0,10.0,16112.0
job1678,p1,1,a1_0,1,17418.0,10.0,20.0,17428.0
job1678,p1,2,a3_0,1,17445.0,7.0,10.0,17452.0
job1679,p2,1,a2_0,1,16081.0,12.0,20.0,16093.0
job1679,p2,2,a3_0,2,16112.0,7.0,10.0,16119.0
job1680,p3,1,a1_0,2,17428.0,18.0,20.0,17446.0
job1680,p3,2,a3_0,2,17452.0,6.0,10.0,17458.0
job1681,p2,1,a2_0,1,16093.0,26.0,20.0,16119.0
job1681,p2,2,a3_0,2,16127.0,7.0,10.0,16134.0
job1682,p3,1,a1_0,2,17446.0,28.0,20.0,17474.0
job1682,p3,2,a3_0,2,17478.0,7.0,10.0,17485.0
job1683,p3,1,a1_0,2,17474.0,20.0,20.0,17494.0
job1683,p3,2,a3_0,2,17507.0,9.0,10.0,17516.0
job1684,p3,1,a1_0,2,17494.0,22.0,20.0,17516.0
job1684,p3,2,a3_0,2,17516.0,14.0,10.0,17530.0
job1685,p3,1,a1_0,2,17516.0,28.0,20.0,17544.0
job1685,p3,2,a3_0,2,17544.0,6.0,10.0,17550.0
job1686,p1,1,a1_0,1,17544.0,17.0,20.0,17561.0
job1686,p1,2,a3_0,1,17561.0,13.0,10.0,17574.0
job1687,p4,1,a2_0,2,16119.0,12.0,20.0,16131.0
job1687,p4,2,a3_0,1,16134.0,8.0,10.0,16142.0
job1688,p4,1,a2_0,2,16131.0,22.0,20.0,16153.0
job1688,p4,2,a3_0,1,16162.0,11.0,10.0,16173.0
job1689,p4,1,a2_0,2,16153.0,26.0,20.0,16179.0
job1689,p4,2,a3_0,1,16188.0,15.0,10.0,16203.0
job1690,p2,1,a2_0,1,16179.0,13.0,20.0,16192.0
job1690,p2,2,a3_0,2,16211.0,12.0,10.0,16223.0
job1691,p3,1,a1_0,2,17561.0,12.0,20.0,17573.0
job1691,p3,2,a3_0,2,17589.0,7.0,10.0,17596.0
job1692,p4,1,a2_0,2,16192.0,14.0,20.0,16206.0
job1692,p4,2,a3_0,1,16231.0,17.0,10.0,16248.0
job1693,p4,1,a2_0,2,16206.0,27.0,20.0,16233.0
job1693,p4,2,a3_0,1,16261.0,12.0,10.0,16273.0
job1694,p4,1,a2_0,2,16233.0,27.0,20.0,16260.0
job1694,p4,2,a3_0,1,16287.0,12.0,10.0,16299.0
job1695,p3,1,a1_0,2,17573.0,27.0,20.0,17600.0
job1695,p3,2,a3_0,2,17602.0,9.0,10.0,17611.0
job1696,p3,1,a1_0,2,17600.0,25.0,20.0,17625.0
job1696,p3,2,a3_0,2,17625.0,10.0,10.0,17635.0
job1697,p3,1,a1_0,2,17625.0,28.0,20.0,17653.0
job1697,p3,2,a3_0,2,17654.0,5.0,10.0,17659.0
job1698,p4,1,a2_0,2,16260.0,22.0,20.0,16282.0
job1698,p4,2,a3_0,1,16311.0,10.0,10.0,16321.0
job1699,p1,1,a1_0,1,17653.0,17.0,20.0,17670.0
job1699,p1,2,a3_0,1,17670.0,9.0,10.0,17679.0
job1700,p4,1,a2_0,2,16282.0,23.0,20.0,16305.0
job1700,p4,2,a3_0,1,16334.0,14.0,10.0,16348.0
job1701,p4,1,a2_0,2,16305.0,22.0,20.0,16327.0
job1701,p4,2,a3_0,1,16357.0,8.0,10.0,16365.0
job1702,p3,1,a1_0,2,17670.0,12.0,20.0,17682.0
job1702,p3,2,a3_0,2,17693.0,6.0,10.0,17699.0
job1703,p1,1,a1_0,1,17682.0,11.0,20.0,17693.0
job1703,p1,2,a3_0,1,17699.0,5.0,10.0,17704.0
job1704,p3,1,a1_0,2,17693.0,12.0,20.0,17705.0
job1704,p3,2,a3_0,2,17705.0,9.0,10.0,17714.0
job1705,p1,1,a1_0,1,17705.0,13.0,20.0,17718.0
job1705,p1,2,a3_0,1,17720.0,14.0,10.0,17734.0
job1706,p3,1,a1_0,2,17718.0,14.0,20.0,17732.0
job1706,p3,2,a3_0,2,17740.0,14.0,10.0,17754.0
job1707,p4,1,a2_0,2,16327.0,27.0,20.0,16354.0
job1707,p4,2,a3_0,1,16373.0,7.0,10.0,16380.0
job1708,p1,1,a1_0,1,17732.0,13.0,20.0,17745.0
job1708,p1,2,a3_0,1,17761.0,12.0,10.0,17773.0
job1709,p3,1,a1_0,2,17745.0,17.0,20.0,17762.0
job1709,p3,2,a3_0,2,17786.0,7.0,10.0,17793.0
job1710,p1,1,a1_0,1,17762.0,14.0,20.0,17776.0
job1710,p1,2,a3_0,1,17806.0,8.0,10.0,17814.0
job1711,p3,1,a1_0,2,17776.0,12.0,20.0,17788.0
job1711,p3,2,a3_0,2,17814.0,8.0,10.0,17822.0
job1712,p3,1,a1_0,2,17788.0,28.0,20.0,17816.0
job1712,p3,2,a3_0,2,17836.0,11.0,10.0,17847.0
job1713,p4,1,a2_0,2,16354.0,24.0,20.0,16378.0
job1713,p4,2,a3_0,1,16399.0,5.0,10.0,16404.0
job1714,p1,1,a1_0,1,17816.0,16.0,20.0,17832.0
job1714,p1,2,a3_0,1,17859.0,5.0,10.0,17864.0
job1715,p4,1,a2_0,2,16378.0,28.0,20.0,16406.0
job1715,p4,2,a3_0,1,16411.0,7.0,10.0,16418.0
job1716,p4,1,a2_0,2,16406.0,21.0,20.0,16427.0
job1716,p4,2,a3_0,1,16427.0,6.0,10.0,16433.0
job1717,p3,1,a1_0,2,17832.0,13.0,20.0,17845.0
job1717,p3,2,a3_0,2,17880.0,8.0,10.0,17888.0
job1718,p3,1,a1_0,2,17845.0,27.0,20.0,17872.0
job1718,p3,2,a3_0,2,17900.0,13.0,10.0,17913.0
job1719,p1,1,a1_0,1,17872.0,12.0,20.0,17884.0
job1719,p1,2,a3_0,1,17913.0,9.0,10.0,17922.0
job1720,p3,1,a1_0,2,17884.0,13.0,20.0,17897.0
job1720,p3,2,a3_0,2,17931.0,13.0,10.0,17944.0
job1721,p4,1,a2_0,2,16427.0,24.0,20.0,16451.0
job1721,p4,2,a3_0,1,16455.0,5.0,10.0,16460.0
job1722,p3,1,a1_0,2,17897.0,25.0,20.0,17922.0
job1722,p3,2,a3_0,2,17944.0,11.0,10.0,17955.0
job1723,p1,1,a1_0,1,17922.0,15.0,20.0,17937.0
job1723,p1,2,a3_0,1,17967.0,7.0,10.0,17974.0
job1724,p2,1,a2_0,1,16451.0,14.0,20.0,16465.0
job1724,p2,2,a3_0,2,16475.0,11.0,10.0,16486.0
job1725,p4,1,a2_0,2,16465.0,11.0,20.0,16476.0
job1725,p4,2,a3_0,1,16486.0,5.0,10.0,16491.0
job1726,p3,1,a1_0,2,17937.0,14.0,20.0,17951.0
job1726,p3,2,a3_0,2,17987.0,5.0,10.0,17992.0
job1727,p2,1,a2_0,1,16476.0,13.0,20.0,16489.0
job1727,p2,2,a3_0,2,16498.0,13.0,10.0,16511.0
job1728,p3,1,a1_0,2,17951.0,23.0,20.0,17974.0
job1728,p3,2,a3_0,2,18000.0,6.0,10.0,18006.0
job1729,p2,1,a2_0,1,16489.0,24.0,20.0,16513.0
job1729,p2,2,a3_0,2,16518.0,7.0,10.0,16525.0
job1730,p1,1,a1_0,1,17974.0,14.0,20.0,17988.0
job1730,p1,2,a3_0,1,18006.0,7.0,10.0,18013.0
job1731,p4,1,a2_0,2,16513.0,12.0,20.0,16525.0
job1731,p4,2,a3_0,1,16525.0,6.0,10.0,16531.0
job1732,p4,1,a2_0,2,16525.0,27.0,20.0,16552.0
job1732,p4,2,a3_0,1,16554.0,8.0,10.0,16562.0
job1733,p2,1,a2_0,1,16552.0,14.0,20.0,16566.0
job1733,p2,2,a3_0,2,16566.0,7.0,10.0,16573.0
job1734,p4,1,a2_0,2,16566.0,20.0,20.0,16586.0
job1734,p4,2,a3_0,1,16595.0,16.0,10.0,16611.0
job1735,p1,1,a1_0,1,17988.0,26.0,20.0,18014.0
job1735,p1,2,a3_0,1,18031.0,6.0,10.0,18037.0
job1736,p2,1,a2_0,1,16586.0,15.0,20.0,16601.0
job1736,p2,2,a3_0,2,16611.0,6.0,10.0,16617.0
job1737,p4,1,a2_0,2,16601.0,18.0,20.0,16619.0
job1737,p4,2,a3_0,1,16624.0,14.0,10.0,16638.0
job1738,p3,1,a1_0,2,18014.0,14.0,20.0,18028.0
job1738,p3,2,a3_0,2,18037.0,6.0,10.0,18043.0
job1739,p1,1,a1_0,1,18028.0,23.0,20.0,18051.0
job1739,p1,2,a3_0,1,18055.0,6.0,10.0,18061.0
job1740,p2,1,a2_0,1,16619.0,16.0,20.0,16635.0
job1740,p2,2,a3_0,2,16644.0,16.0,10.0,16660.0
job1741,p4,1,a2_0,2,16635.0,12.0,20.0,16647.0
job1741,p4,2,a3_0,1,16672.0,7.0,10.0,16679.0
job1742,p1,1,a1_0,1,18051.0,22.0,20.0,18073.0
job1742,p1,2,a3_0,1,18076.0,15.0,10.0,18091.0
job1743,p1,1,a1_0,1,18073.0,24.0,20.0,18097.0
job1743,p1,2,a3_0,1,18097.0,7.0,10.0,18104.0
job1744,p1,1,a1_0,1,18097.0,28.0,20.0,18125.0
job1744,p1,2,a3_0,1,18125.0,7.0,10.0,18132.0
job1745,p2,1,a2_0,1,16647.0,14.0,20.0,16661.0
job1745,p2,2,a3_0,2,16679.0,7.0,10.0,16686.0
job1746,p4,1,a2_0,2,16661.0,11.0,20.0,16672.0
job1746,p4,2,a3_0,1,16686.0,5.0,10.0,16691.0
job1747,p3,1,a1_0,2,18125.0,13.0,20.0,18138.0
job1747,p3,2,a3_0,2,18141.0,13.0,10.0,18154.0
job1748,p4,1,a2_0,2,16672.0,25.0,20.0,16697.0
job1748,p4,2,a3_0,1,16705.0,12.0,10.0,16717.0
job1749,p3,1,a1_0,2,18138.0,25.0,20.0,18163.0
job1749,p3,2,a3_0,2,18163.0,17.0,10.0,18180.0
job1750,p2,1,a2_0,1,16697.0,12.0,20.0,16709.0
job1750,p2,2,a3_0,2,16726.0,10.0,10.0,16736.0
job1751,p3,1,a1_0,2,18163.0,27.0,20.0,18190.0
job1751,p3,2,a3_0,2,18193.0,12.0,10.0,18205.0
job1752,p2,1,a2_0,1,16709.0,28.0,20.0,16737.0
job1752,p2,2,a3_0,2,16737.0,12.0,10.0,16749.0
job1753,p1,1,a1_0,1,18190.0,16.0,20.0,18206.0
job1753,p1,2,a3_0,1,18218.0,6.0,10.0,18224.0
job1754,p3,1,a1_0,2,18206.0,16.0,20.0,18222.0
job1754,p3,2,a3_0,2,18231.0,17.0,10.0,18248.0
job1755,p4,1,a2_0,2,16737.0,13.0,20.0,16750.0
job1755,p4,2,a3_0,1,16762.0,8.0,10.0,16770.0
job1756,p2,1,a2_0,1,16750.0,13.0,20.0,16763.0
job1756,p2,2,a3_0,2,16781.0,8.0,10.0,16789.0
job1757,p1,1,a1_0,1,18222.0,15.0,20.0,18237.0
job1757,p1,2,a3_0,1,18258.0,14.0,10.0,18272.0
job1758,p3,1,a1_0,2,18237.0,10.0,20.0,18247.0
job1758,p3,2,a3_0,2,18278.0,10.0,10.0,18288.0
job1759,p1,1,a1_0,1,18247.0,10.0,20.0,18257.0
job1759,p1,2,a3_0,1,18297.0,14.0,10.0,18311.0
job1760,p2,1,a2_0,1,16763.0,23.0,20.0,16786.0
job1760,p2,2,a3_0,2,16796.0,7.0,10.0,16803.0
job1761,p2,1,a2_0,1,16786.0,28.0,20.0,16814.0
job1761,p2,2,a3_0,2,16817.0,12.0,10.0,16829.0
job1762,p1,1,a1_0,1,18257.0,32.0,20.0,18289.0
job1762,p1,2,a3_0,1,18318.0,8.0,10.0,18326.0
job1763,p3,1,a1_0,2,18289.0,13.0,20.0,18302.0
job1763,p3,2,a3_0,2,18334.0,14.0,10.0,18348.0
job1764,p2,1,a2_0,1,16814.0,31.0,20.0,16845.0
job1764,p2,2,a3_0,2,16848.0,6.0,10.0,16854.0
job1765,p4,1,a2_0,2,16845.0,15.0,20.0,16860.0
job1765,p4,2,a3_0,1,16865.0,12.0,10.0,16877.0
job1766,p3,1,a1_0,2,18302.0,29.0,20.0,18331.0
job1766,p3,2,a3_0,2,18359.0,14.0,10.0,18373.0
job1767,p2,1,a2_0,1,16860.0,17.0,20.0,16877.0
job1767,p2,2,a3_0,2,16883.0,13.0,10.0,16896.0
job1768,p2,1,a2_0,1,16877.0,30.0,20.0,16907.0
job1768,p2,2,a3_0,2,16915.0,6.0,10.0,16921.0
job1769,p2,1,a2_0,1,16907.0,24.0,20.0,16931.0
job1769,p2,2,a3_0,2,16935.0,7.0,10.0,16942.0
job1770,p3,1,a1_0,2,18331.0,26.0,20.0,18357.0
job1770,p3,2,a3_0,2,18373.0,11.0,10.0,18384.0
job1771,p3,1,a1_0,2,18357.0,26.0,20.0,18383.0
job1771,p3,2,a3_0,2,18404.0,6.0,10.0,18410.0
job1772,p4,1,a2_0,2,16931.0,15.0,20.0,16946.0
job1772,p4,2,a3_0,1,16946.0,8.0,10.0,16954.0
job1773,p4,1,a2_0,2,16946.0,31.0,20.0,16977.0
job1773,p4,2,a3_0,1,16977.0,8.0,10.0,16985.0
job1774,p2,1,a2_0,1,16977.0,17.0,20.0,16994.0
job1774,p2,2,a3_0,2,16994.0,13.0,10.0,17007.0
job1775,p2,1,a2_0,1,16994.0,23.0,20.0,17017.0
job1775,p2,2,a3_0,2,17023.0,11.0,10.0,17034.0
job1776,p1,1,a1_0,1,18383.0,11.0,20.0,18394.0
job1776,p1,2,a3_0,1,18410.0,6.0,10.0,18416.0
job1777,p2,1,a2_0,1,17017.0,23.0,20.0,17040.0
job1777,p2,2,a3_0,2,17040.0,6.0,10.0,17046.0
job1778,p3,1,a1_0,2,18394.0,15.0,20.0,18409.0
job1778,p3,2,a3_0,2,18433.0,7.0,10.0,18440.0
job1779,p2,1,a2_0,1,17040.0,20.0,20.0,17060.0
job1779,p2,2,a3_0,2,17061.0,7.0,10.0,17068.0
job1780,p1,1,a1_0,1,18409.0,13.0,20.0,18422.0
job1780,p1,2,a3_0,1,18440.0,9.0,10.0,18449.0
job1781,p3,1,a1_0,2,18422.0,11.0,20.0,18433.0
job1781,p3,2,a3_0,2,18463.0,7.0,10.0,18470.0
job1782,p2,1,a2_0,1,17060.0,24.0,20.0,17084.0
job1782,p2,2,a3_0,2,17091.0,8.0,10.0,17099.0
job1783,p4,1,a2_0,2,17084.0,12.0,20.0,17096.0
job1783,p4,2,a3_0,1,17099.0,7.0,10.0,17106.0
job1784,p4,1,a2_0,2,17096.0,22.0,20.0,17118.0
job1784,p4,2,a3_0,1,17122.0,12.0,10.0,17134.0
job1785,p3,1,a1_0,2,18433.0,25.0,20.0,18458.0
job1785,p3,2,a3_0,2,18483.0,11.0,10.0,18494.0
job1786,p4,1,a2_0,2,17118.0,24.0,20.0,17142.0
job1786,p4,2,a3_0,1,17146.0,11.0,10.0,17157.0
job1787,p3,1,a1_0,2,18458.0,23.0,20.0,18481.0
job1787,p3,2,a3_0,2,18507.0,13.0,10.0,18520.0
job1788,p3,1,a1_0,2,18481.0,21.0,20.0,18502.0
job1788,p3,2,a3_0,2,18535.0,13.0,10.0,18548.0
job1789,p4,1,a2_0,2,17142.0,28.0,20.0,17170.0
job1789,p4,2,a3_0,1,17174.0,11.0,10.0,17185.0
job1790,p2,1,a2_0,1,17170.0,11.0,20.0,17181.0
job1790,p2,2,a3_0,2,17185.0,6.0,10.0,17191.0
job1791,p3,1,a1_0,2,18502.0,25.0,20.0,18527.0
job1791,p3,2,a3_0,2,18559.0,14.0,10.0,18573.0
job1792,p4,1,a2_0,2,17181.0,13.0,20.0,17194.0
job1792,p4,2,a3_0,1,17205.0,7.0,10.0,17212.0
job1793,p4,1,a2_0,2,17194.0,25.0,20.0,17219.0
job1793,p4,2,a3_0,1,17225.0,13.0,10.0,17238.0
job1794,p1,1,a1_0,1,18527.0,14.0,20.0,18541.0
job1794,p1,2,a3_0,1,18578.0,12.0,10.0,18590.0
job1795,p4,1,a2_0,2,17219.0,23.0,20.0,17242.0
job1795,p4,2,a3_0,1,17251.0,14.0,10.0,17265.0
job1796,p2,1,a2_0,1,17242.0,20.0,20.0,17262.0
job1796,p2,2,a3_0,2,17270.0,12.0,10.0,17282.0
job1797,p2,1,a2_0,1,17262.0,28.0,20.0,17290.0
job1797,p2,2,a3_0,2,17297.0,11.0,10.0,17308.0
job1798,p3,1,a1_0,2,18541.0,13.0,20.0,18554.0
job1798,p3,2,a3_0,2,18590.0,8.0,10.0,18598.0
job1799,p2,1,a2_0,1,17290.0,29.0,20.0,17319.0
job1799,p2,2,a3_0,2,17319.0,6.0,10.0,17325.0
job1800,p1,1,a1_0,1,18554.0,14.0,20.0,18568.0
job1800,p1,2,a3_0,1,18606.0,18.0,10.0,18624.0
job1801,p4,1,a2_0,2,17319.0,11.0,20.0,17330.0
job1801,p4,2,a3_0,1,17332.0,12.0,10.0,17344.0
job1802,p3,1,a1_0,2,18568.0,14.0,20.0,18582.0
job1802,p3,2,a3_0,2,18632.0,13.0,10.0,18645.0
job1803,p3,1,a1_0,2,18582.0,29.0,20.0,18611.0
job1803,p3,2,a3_0,2,18657.0,13.0,10.0,18670.0
job1804,p1,1,a1_0,1,18611.0,13.0,20.0,18624.0
job1804,p1,2,a3_0,1,18677.0,14.0,10.0,18691.0
job1805,p3,1,a1_0,2,18624.0,17.0,20.0,18641.0
job1805,p3,2,a3_0,2,18691.0,8.0,10.0,18699.0
job1806,p2,1,a2_0,1,17330.0,13.0,20.0,17343.0
job1806,p2,2,a3_0,2,17344.0,9.0,10.0,17353.0
job1807,p2,1,a2_0,1,17343.0,25.0,20.0,17368.0
job1807,p2,2,a3_0,2,17371.0,12.0,10.0,17383.0
job1808,p2,1,a2_0,1,17368.0,27.0,20.0,17395.0
job1808,p2,2,a3_0,2,17405.0,13.0,10.0,17418.0
job1809,p1,1,a1_0,1,18641.0,17.0,20.0,18658.0
job1809,p1,2,a3_0,1,18704.0,13.0,10.0,18717.0
job1810,p4,1,a2_0,2,17395.0,17.0,20.0,17412.0
job1810,p4,2,a3_0,1,17418.0,6.0,10.0,17424.0
job1811,p3,1,a1_0,2,18658.0,14.0,20.0,18672.0
job1811,p3,2,a3_0,2,18723.0,15.0,10.0,18738.0
job1812,p2,1,a2_0,1,17412.0,14.0,20.0,17426.0
job1812,p2,2,a3_0,2,17432.0,13.0,10.0,17445.0
job1813,p2,1,a2_0,1,17426.0,29.0,20.0,17455.0
job1813,p2,2,a3_0,2,17458.0,13.0,10.0,17471.0
job1814,p4,1,a2_0,2,17455.0,13.0,20.0,17468.0
job1814,p4,2,a3_0,1,17471.0,7.0,10.0,17478.0
job1815,p2,1,a2_0,1,17468.0,11.0,20.0,17479.0
job1815,p2,2,a3_0,2,17485.0,11.0,10.0,17496.0
job1816,p1,1,a1_0,1,18672.0,12.0,20.0,18684.0
job1816,p1,2,a3_0,1,18750.0,9.0,10.0,18759.0
job1817,p1,1,a1_0,1,18684.0,26.0,20.0,18710.0
job1817,p1,2,a3_0,1,18766.0,7.0,10.0,18773.0
job1818,p4,1,a2_0,2,17479.0,13.0,20.0,17492.0
job1818,p4,2,a3_0,1,17496.0,11.0,10.0,17507.0
job1819,p4,1,a2_0,2,17492.0,30.0,20.0,17522.0
job1819,p4,2,a3_0,1,17530.0,8.0,10.0,17538.0
job1820,p3,1,a1_0,2,18710.0,14.0,20.0,18724.0
job1820,p3,2,a3_0,2,18773.0,6.0,10.0,18779.0
job1821,p3,1,a1_0,2,18724.0,29.0,20.0,18753.0
job1821,p3,2,a3_0,2,18797.0,4.0,10.0,18801.0
job1822,p3,1,a1_0,2,18753.0,29.0,20.0,18782.0
job1822,p3,2,a3_0,2,18816.0,14.0,10.0,18830.0
job1823,p4,1,a2_0,2,17522.0,24.0,20.0,17546.0
job1823,p4,2,a3_0,1,17550.0,8.0,10.0,17558.0
job1824,p4,1,a2_0,2,17546.0,24.0,20.0,17570.0
job1824,p4,2,a3_0,1,17574.0,15.0,10.0,17589.0
job1825,p4,1,a2_0,2,17570.0,25.0,20.0,17595.0
job1825,p4,2,a3_0,1,17596.0,6.0,10.0,17602.0
job1826,p4,1,a2_0,2,17595.0,23.0,20.0,17618.0
job1826,p4,2,a3_0,1,17618.0,6.0,10.0,17624.0
job1827,p1,1,a1_0,1,18782.0,14.0,20.0,18796.0
job1827,p1,2,a3_0,1,18843.0,5.0,10.0,18848.0
job1828,p1,1,a1_0,1,18796.0,24.0,20.0,18820.0
job1828,p1,2,a3_0,1,18854.0,6.0,10.0,18860.0
job1829,p2,1,a2_0,1,17618.0,13.0,20.0,17631.0
job1829,p2,2,a3_0,2,17635.0,12.0,10.0,17647.0
job1830,p3,1,a1_0,2,18820.0,15.0,20.0,18835.0
job1830,p3,2,a3_0,2,18874.0,8.0,10.0,18882.0
job1831,p1,1,a1_0,1,18835.0,9.0,20.0,18844.0
job1831,p1,2,a3_0,1,18882.0,7.0,10.0,18889.0
job1832,p3,1,a1_0,2,18844.0,15.0,20.0,18859.0
job1832,p3,2,a3_0,2,18904.0,8.0,10.0,18912.0
job1833,p1,1,a1_0,1,18859.0,16.0,20.0,18875.0
job1833,p1,2,a3_0,1,18912.0,9.0,10.0,18921.0
job1834,p1,1,a1_0,1,18875.0,25.0,20.0,18900.0
job1834,p1,2,a3_0,1,18932.0,11.0,10.0,18943.0
job1835,p3,1,a1_0,2,18900.0,17.0,20.0,18917.0
job1835,p3,2,a3_0,2,18959.0,10.0,10.0,18969.0
job1836,p3,1,a1_0,2,18917.0,25.0,20.0,18942.0
job1836,p3,2,a3_0,2,18981.0,13.0,10.0,18994.0
job1837,p1,1,a1_0,1,18942.0,16.0,20.0,18958.0
job1837,p1,2,a3_0,1,19009.0,7.0,10.0,19016.0
job1838,p1,1,a1_0,1,18958.0,28.0,20.0,18986.0
job1838,p1,2,a3_0,1,19021.0,6.0,10.0,19027.0
job1839,p3,1,a1_0,2,18986.0,13.0,20.0,18999.0
job1839,p3,2,a3_0,2,19027.0,9.0,10.0,19036.0
job1840,p1,1,a1_0,1,18999.0,14.0,20.0,19013.0
job1840,p1,2,a3_0,1,19048.0,10.0,10.0,19058.0
job1841,p1,1,a1_0,1,19013.0,25.0,20.0,19038.0
job1841,p1,2,a3_0,1,19066.0,7.0,10.0,19073.0
job1842,p4,1,a2_0,2,17631.0,16.0,20.0,17647.0
job1842,p4,2,a3_0,1,17647.0,7.0,10.0,17654.0
job1843,p1,1,a1_0,1,19038.0,29.0,20.0,19067.0
job1843,p1,2,a3_0,1,19080.0,7.0,10.0,19087.0
job1844,p3,1,a1_0,2,19067.0,12.0,20.0,19079.0
job1844,p3,2,a3_0,2,19087.0,7.0,10.0,19094.0
job1845,p3,1,a1_0,2,19079.0,25.0,20.0,19104.0
job1845,p3,2,a3_0,2,19114.0,7.0,10.0,19121.0
job1846,p4,1,a2_0,2,17647.0,27.0,20.0,17674.0
job1846,p4,2,a3_0,1,17679.0,14.0,10.0,17693.0
job1847,p3,1,a1_0,2,19104.0,24.0,20.0,19128.0
job1847,p3,2,a3_0,2,19133.0,9.0,10.0,19142.0
job1848,p1,1,a1_0,1,19128.0,19.0,20.0,19147.0
job1848,p1,2,a3_0,1,19157.0,4.0,10.0,19161.0
job1849,p1,1,a1_0,1,19147.0,26.0,20.0,19173.0
job1849,p1,2,a3_0,1,19173.0,14.0,10.0,19187.0
job1850,p4,1,a2_0,2,17674.0,32.0,20.0,17706.0
job1850,p4,2,a3_0,1,17714.0,6.0,10.0,17720.0
job1851,p2,1,a2_0,1,17706.0,14.0,20.0,17720.0
job1851,p2,2,a3_0,2,17734.0,6.0,10.0,17740.0
job1852,p4,1,a2_0,2,17720.0,17.0,20.0,17737.0
job1852,p4,2,a3_0,1,17754.0,7.0,10.0,17761.0
job1853,p1,1,a1_0,1,19173.0,24.0,20.0,19197.0
job1853,p1,2,a3_0,1,19199.0,14.0,10.0,19213.0
job1854,p1,1,a1_0,1,19197.0,25.0,20.0,19222.0
job1854,p1,2,a3_0,1,19225.0,12.0,10.0,19237.0
job1855,p3,1,a1_0,2,19222.0,12.0,20.0,19234.0
job1855,p3,2,a3_0,2,19249.0,6.0,10.0,19255.0
job1856,p3,1,a1_0,2,19234.0,28.0,20.0,19262.0
job1856,p3,2,a3_0,2,19263.0,5.0,10.0,19268.0
job1857,p3,1,a1_0,2,19262.0,27.0,20.0,19289.0
job1857,p3,2,a3_0,2,19289.0,13.0,10.0,19302.0
job1858,p1,1,a1_0,1,19289.0,14.0,20.0,19303.0
job1858,p1,2,a3_0,1,19314.0,10.0,10.0,19324.0
job1859,p3,1,a1_0,2,19303.0,14.0,20.0,19317.0
job1859,p3,2,a3_0,2,19341.0,6.0,10.0,19347.0
job1860,p4,1,a2_0,2,17737.0,25.0,20.0,17762.0
job1860,p4,2,a3_0,1,17773.0,13.0,10.0,17786.0
job1861,p2,1,a2_0,1,17762.0,11.0,20.0,17773.0
job1861,p2,2,a3_0,2,17793.0,13.0,10.0,17806.0
job1862,p3,1,a1_0,2,19317.0,24.0,20.0,19341.0
job1862,p3,2,a3_0,2,19351.0,7.0,10.0,19358.0
job1863,p1,1,a1_0,1,19341.0,20.0,20.0,19361.0
job1863,p1,2,a3_0,1,19370.0,7.0,10.0,19377.0
job1864,p2,1,a2_0,1,17773.0,28.0,20.0,17801.0
job1864,p2,2,a3_0,2,17822.0,14.0,10.0,17836.0
job1865,p2,1,a2_0,1,17801.0,25.0,20.0,17826.0
job1865,p2,2,a3_0,2,17847.0,12.0,10.0,17859.0
job1866,p3,1,a1_0,2,19361.0,11.0,20.0,19372.0
job1866,p3,2,a3_0,2,19377.0,7.0,10.0,19384.0
job1867,p1,1,a1_0,1,19372.0,12.0,20.0,19384.0
job1867,p1,2,a3_0,1,19384.0,9.0,10.0,19393.0
job1868,p1,1,a1_0,1,19384.0,28.0,20.0,19412.0
job1868,p1,2,a3_0,1,19412.0,15.0,10.0,19427.0
job1869,p4,1,a2_0,2,17826.0,10.0,20.0,17836.0
job1869,p4,2,a3_0,1,17864.0,16.0,10.0,17880.0
job1870,p1,1,a1_0,1,19412.0,26.0,20.0,19438.0
job1870,p1,2,a3_0,1,19438.0,11.0,10.0,19449.0
job1871,p3,1,a1_0,2,19438.0,18.0,20.0,19456.0
job1871,p3,2,a3_0,2,19456.0,8.0,10.0,19464.0
job1872,p4,1,a2_0,2,17836.0,21.0,20.0,17857.0
job1872,p4,2,a3_0,1,17888.0,6.0,10.0,17894.0
job1873,p3,1,a1_0,2,19456.0,25.0,20.0,19481.0
job1873,p3,2,a3_0,2,19481.0,15.0,10.0,19496.0
job1874,p2,1,a2_0,1,17857.0,13.0,20.0,17870.0
job1874,p2,2,a3_0,2,17894.0,6.0,10.0,17900.0
job1875,p2,1,a2_0,1,17870.0,26.0,20.0,17896.0
job1875,p2,2,a3_0,2,17922.0,9.0,10.0,17931.0
job1876,p1,1,a1_0,1,19481.0,14.0,20.0,19495.0
job1876,p1,2,a3_0,1,19496.0,7.0,10.0,19503.0
job1877,p2,1,a2_0,1,17896.0,28.0,20.0,17924.0
job1877,p2,2,a3_0,2,17955.0,12.0,10.0,17967.0
job1878,p4,1,a2_0,2,17924.0,19.0,20.0,17943.0
job1878,p4,2,a3_0,1,17974.0,13.0,10.0,17987.0
job1879,p3,1,a1_0,2,19495.0,19.0,20.0,19514.0
job1879,p3,2,a3_0,2,19514.0,6.0,10.0,19520.0
job1880,p4,1,a2_0,2,17943.0,26.0,20.0,17969.0
job1880,p4,2,a3_0,1,17992.0,8.0,10.0,18000.0
job1881,p3,1,a1_0,2,19514.0,26.0,20.0,19540.0
job1881,p3,2,a3_0,2,19540.0,11.0,10.0,19551.0
job1882,p3,1,a1_0,2,19540.0,25.0,20.0,19565.0
job1882,p3,2,a3_0,2,19565.0,13.0,10.0,19578.0
job1883,p4,1,a2_0,2,17969.0,22.0,20.0,17991.0
job1883,p4,2,a3_0,1,18013.0,14.0,10.0,18027.0
job1884,p3,1,a1_0,2,19565.0,28.0,20.0,19593.0
job1884,p3,2,a3_0,2,19593.0,13.0,10.0,19606.0
job1885,p2,1,a2_0,1,17991.0,14.0,20.0,18005.0
job1885,p2,2,a3_0,2,18027.0,4.0,10.0,18031.0
job1886,p1,1,a1_0,1,19593.0,14.0,20.0,19607.0
job1886,p1,2,a3_0,1,19607.0,9.0,10.0,19616.0
job1887,p1,1,a1_0,1,19607.0,26.0,20.0,19633.0
job1887,p1,2,a3_0,1,19633.0,12.0,10.0,19645.0
job1888,p1,1,a1_0,1,19633.0,30.0,20.0,19663.0
job1888,p1,2,a3_0,1,19663.0,12.0,10.0,19675.0
job1889,p3,1,a1_0,2,19663.0,13.0,20.0,19676.0
job1889,p3,2,a3_0,2,19676.0,6.0,10.0,19682.0
job1890,p3,1,a1_0,2,19676.0,24.0,20.0,19700.0
job1890,p3,2,a3_0,2,19700.0,14.0,10.0,19714.0
job1891,p3,1,a1_0,2,19700.0,28.0,20.0,19728.0
job1891,p3,2,a3_0,2,19728.0,14.0,10.0,19742.0
job1892,p2,1,a2_0,1,18005.0,25.0,20.0,18030.0
job1892,p2,2,a3_0,2,18043.0,12.0,10.0,18055.0
job1893,p2,1,a2_0,1,18030.0,26.0,20.0,18056.0
job1893,p2,2,a3_0,2,18061.0,6.0,10.0,18067.0
job1894,p4,1,a2_0,2,18056.0,13.0,20.0,18069.0
job1894,p4,2,a3_0,1,18069.0,7.0,10.0,18076.0
job1895,p1,1,a1_0,1,19728.0,11.0,20.0,19739.0
job1895,p1,2,a3_0,1,19742.0,7.0,10.0,19749.0
job1896,p2,1,a2_0,1,18069.0,15.0,20.0,18084.0
job1896,p2,2,a3_0,2,18091.0,4.0,10.0,18095.0
job1897,p1,1,a1_0,1,19739.0,21.0,20.0,19760.0
job1897,p1,2,a3_0,1,19760.0,15.0,10.0,19775.0
job1898,p3,1,a1_0,2,19760.0,17.0,20.0,19777.0
job1898,p3,2,a3_0,2,19777.0,5.0,10.0,19782.0
job1899,p1,1,a1_0,1,19777.0,16.0,20.0,19793.0
job1899,p1,2,a3_0,1,19793.0,7.0,10.0,19800.0
job1900,p2,1,a2_0,1,18084.0,27.0,20.0,18111.0
job1900,p2,2,a3_0,2,18111.0,7.0,10.0,18118.0
job1901,p2,1,a2_0,1,18111.0,25.0,20.0,18136.0
job1901,p2,2,a3_0,2,18136.0,5.0,10.0,18141.0
job1902,p2,1,a2_0,1,18136.0,29.0,20.0,18165.0
job1902,p2,2,a3_0,2,18180.0,13.0,10.0,18193.0
job1903,p3,1,a1_0,2,19793.0,12.0,20.0,19805.0
job1903,p3,2,a3_0,2,19805.0,4.0,10.0,19809.0
job1904,p2,1,a2_0,1,18165.0,27.0,20.0,18192.0
job1904,p2,2,a3_0,2,18205.0,13.0,10.0,18218.0
job1905,p2,1,a2_0,1,18192.0,25.0,20.0,18217.0
job1905,p2,2,a3_0,2,18224.0,7.0,10.0,18231.0
job1906,p4,1,a2_0,2,18217.0,12.0,20.0,18229.0
job1906,p4,2,a3_0,1,18248.0,10.0,10.0,18258.0
job1907,p2,1,a2_0,1,18229.0,12.0,20.0,18241.0
job1907,p2,2,a3_0,2,18272.0,6.0,10.0,18278.0
job1908,p3,1,a1_0,2,19805.0,31.0,20.0,19836.0
job1908,p3,2,a3_0,2,19836.0,11.0,10.0,19847.0
job1909,p3,1,a1_0,2,19836.0,19.0,20.0,19855.0
job1909,p3,2,a3_0,2,19855.0,14.0,10.0,19869.0
job1910,p1,1,a1_0,1,19855.0,19.0,20.0,19874.0
job1910,p1,2,a3_0,1,19874.0,5.0,10.0,19879.0
job1911,p3,1,a1_0,2,19874.0,17.0,20.0,19891.0
job1911,p3,2,a3_0,2,19891.0,5.0,10.0,19896.0
job1912,p4,1,a2_0,2,18241.0,13.0,20.0,18254.0
job1912,p4,2,a3_0,1,18288.0,9.0,10.0,18297.0
job1913,p1,1,a1_0,1,19891.0,13.0,20.0,19904.0
job1913,p1,2,a3_0,1,19904.0,7.0,10.0,19911.0
job1914,p3,1,a1_0,2,19904.0,12.0,20.0,19916.0
job1914,p3,2,a3_0,2,19916.0,8.0,10.0,19924.0
job1915,p1,1,a1_0,1,19916.0,12.0,20.0,19928.0
job1915,p1,2,a3_0,1,19928.0,6.0,10.0,19934.0
job1916,p3,1,a1_0,2,19928.0,14.0,20.0,19942.0
job1916,p3,2,a3_0,2,19942.0,8.0,10.0,19950.0
job1917,p3,1,a1_0,2,19942.0,30.0,20.0,19972.0
job1917,p3,2,a3_0,2,19972.0,13.0,10.0,19985.0
job1918,p1,1,a1_0,1,19972.0,17.0,20.0,19989.0
job1918,p1,2,a3_0,1,19989.0,9.0,10.0,19998.0
job1919,p2,1,a2_0,1,18254.0,14.0,20.0,18268.0
job1919,p2,2,a3_0,2,18311.0,7.0,10.0,18318.0
job1920,p2,1,a2_0,1,18268.0,28.0,20.0,18296.0
job1920,p2,2,a3_0,2,18326.0,8.0,10.0,18334.0
job1921,p3,1,a1_0,2,19989.0,13.0,20.0,20002.0
job1921,p3,2,a3_0,2,20002.0,9.0,10.0,20011.0
job1922,p2,1,a2_0,1,18296.0,30.0,20.0,18326.0
job1922,p2,2,a3_0,2,18348.0,11.0,10.0,18359.0
job1923,p2,1,a2_0,1,18326.0,32.0,20.0,18358.0
job1923,p2,2,a3_0,2,18384.0,14.0,10.0,18398.0
job1924,p4,1,a2_0,2,18358.0,15.0,20.0,18373.0
job1924,p4,2,a3_0,1,18398.0,6.0,10.0,18404.0
job1925,p4,1,a2_0,2,18373.0,30.0,20.0,18403.0
job1925,p4,2,a3_0,1,18416.0,17.0,10.0,18433.0
job1926,p4,1,a2_0,2,18403.0,27.0,20.0,18430.0
job1926,p4,2,a3_0,1,18449.0,14.0,10.0,18463.0
job1927,p2,1,a2_0,1,18430.0,15.0,20.0,18445.0
job1927,p2,2,a3_0,2,18470.0,13.0,10.0,18483.0
job1928,p2,1,a2_0,1,18445.0,27.0,20.0,18472.0
job1928,p2,2,a3_0,2,18494.0,13.0,10.0,18507.0
job1929,p2,1,a2_0,1,18472.0,23.0,20.0,18495.0
job1929,p2,2,a3_0,2,18520.0,15.0,10.0,18535.0
job1930,p1,1,a1_0,1,20002.0,12.0,20.0,20014.0
job1930,p1,2,a3_0,1,20014.0,7.0,10.0,20021.0
job1931,p3,1,a1_0,2,20014.0,10.0,20.0,20024.0
job1931,p3,2,a3_0,2,20024.0,6.0,10.0,20030.0
job1932,p3,1,a1_0,2,20024.0,26.0,20.0,20050.0
job1932,p3,2,a3_0,2,20050.0,15.0,10.0,20065.0
job1933,p2,1,a2_0,1,18495.0,27.0,20.0,18522.0
job1933,p2,2,a3_0,2,18548.0,11.0,10.0,18559.0
job1934,p4,1,a2_0,2,18522.0,15.0,20.0,18537.0
job1934,p4,2,a3_0,1,18573.0,5.0,10.0,18578.0
job1935,p4,1,a2_0,2,18537.0,23.0,20.0,18560.0
job1935,p4,2,a3_0,1,18598.0,8.0,10.0,18606.0
job1936,p2,1,a2_0,1,18560.0,15.0,20.0,18575.0
job1936,p2,2,a3_0,2,18624.0,8.0,10.0,18632.0
job1937,p1,1,a1_0,1,20050.0,14.0,20.0,20064.0
job1937,p1,2,a3_0,1,20065.0,7.0,10.0,20072.0
job1938,p1,1,a1_0,1,20064.0,22.0,20.0,20086.0
job1938,p1,2,a3_0,1,20086.0,13.0,10.0,20099.0
job1939,p2,1,a2_0,1,18575.0,30.0,20.0,18605.0
job1939,p2,2,a3_0,2,18645.0,12.0,10.0,18657.0
job1940,p4,1,a2_0,2,18605.0,9.0,20.0,18614.0
job1940,p4,2,a3_0,1,18670.0,7.0,10.0,18677.0
job1941,p4,1,a2_0,2,18614.0,30.0,20.0,18644.0
job1941,p4,2,a3_0,1,18699.0,5.0,10.0,18704.0
job1942,p1,1,a1_0,1,20086.0,24.0,20.0,20110.0
job1942,p1,2,a3_0,1,20110.0,13.0,10.0,20123.0
job1943,p2,1,a2_0,1,18644.0,14.0,20.0,18658.0
job1943,p2,2,a3_0,2,18717.0,6.0,10.0,18723.0
job1944,p2,1,a2_0,1,18658.0,22.0,20.0,18680.0
job1944,p2,2,a3_0,2,18738.0,12.0,10.0,18750.0
job1945,p1,1,a1_0,1,20110.0,25.0,20.0,20135.0
job1945,p1,2,a3_0,1,20135.0,12.0,10.0,20147.0
job1946,p1,1,a1_0,1,20135.0,27.0,20.0,20162.0
job1946,p1,2,a3_0,1,20162.0,13.0,10.0,20175.0
job1947,p2,1,a2_0,1,18680.0,30.0,20.0,18710.0
job1947,p2,2,a3_0,2,18759.0,7.0,10.0,18766.0
job1948,p3,1,a1_0,2,20162.0,11.0,20.0,20173.0
job1948,p3,2,a3_0,2,20175.0,8.0,10.0,20183.0
job1949,p2,1,a2_0,1,18710.0,22.0,20.0,18732.0
job1949,p2,2,a3_0,2,18779.0,11.0,10.0,18790.0
job1950,p4,1,a2_0,2,18732.0,15.0,20.0,18747.0
job1950,p4,2,a3_0,1,18790.0,7.0,10.0,18797.0
job1951,p1,1,a1_0,1,20173.0,18.0,20.0,20191.0
job1951,p1,2,a3_0,1,20191.0,5.0,10.0,20196.0
job1952,p3,1,a1_0,2,20191.0,16.0,20.0,20207.0
job1952,p3,2,a3_0,2,20207.0,7.0,10.0,20214.0
job1953,p2,1,a2_0,1,18747.0,10.0,20.0,18757.0
job1953,p2,2,a3_0,2,18801.0,15.0,10.0,18816.0
job1954,p2,1,a2_0,1,18757.0,29.0,20.0,18786.0
job1954,p2,2,a3_0,2,18830.0,13.0,10.0,18843.0
job1955,p3,1,a1_0,2,20207.0,31.0,20.0,20238.0
job1955,p3,2,a3_0,2,20238.0,11.0,10.0,20249.0
job1956,p1,1,a1_0,1,20238.0,12.0,20.0,20250.0
job1956,p1,2,a3_0,1,20250.0,10.0,10.0,20260.0
job1957,p2,1,a2_0,1,18786.0,24.0,20.0,18810.0
job1957,p2,2,a3_0,2,18848.0,6.0,10.0,18854.0
job1958,p4,1,a2_0,2,18810.0,17.0,20.0,18827.0
job1958,p4,2,a3_0,1,18860.0,14.0,10.0,18874.0
job1959,p4,1,a2_0,2,18827.0,31.0,20.0,18858.0
job1959,p4,2,a3_0,1,18889.0,15.0,10.0,18904.0
job1960,p4,1,a2_0,2,18858.0,26.0,20.0,18884.0
job1960,p4,2,a3_0,1,18921.0,11.0,10.0,18932.0
job1961,p4,1,a2_0,2,18884.0,25.0,20.0,18909.0
job1961,p4,2,a3_0,1,18943.0,16.0,10.0,18959.0
job1962,p2,1,a2_0,1,18909.0,9.0,20.0,18918.0
job1962,p2,2,a3_0,2,18969.0,12.0,10.0,18981.0
job1963,p2,1,a2_0,1,18918.0,36.0,20.0,18954.0
job1963,p2,2,a3_0,2,18994.0,15.0,10.0,19009.0
job1964,p2,1,a2_0,1,18954.0,29.0,20.0,18983.0
job1964,p2,2,a3_0,2,19016.0,5.0,10.0,19021.0
job1965,p2,1,a2_0,1,18983.0,25.0,20.0,19008.0
job1965,p2,2,a3_0,2,19036.0,12.0,10.0,19048.0
job1966,p3,1,a1_0,2,20250.0,19.0,20.0,20269.0
job1966,p3,2,a3_0,2,20269.0,5.0,10.0,20274.0
job1967,p3,1,a1_0,2,20269.0,27.0,20.0,20296.0
job1967,p3,2,a3_0,2,20296.0,12.0,10.0,20308.0
job1968,p2,1,a2_0,1,19008.0,28.0,20.0,19036.0
job1968,p2,2,a3_0,2,19058.0,8.0,10.0,19066.0
job1969,p1,1,a1_0,1,20296.0,18.0,20.0,20314.0
job1969,p1,2,a3_0,1,20314.0,6.0,10.0,20320.0
job1970,p3,1,a1_0,2,20314.0,14.0,20.0,20328.0
job1970,p3,2,a3_0,2,20328.0,5.0,10.0,20333.0
job1971,p1,1,a1_0,1,20328.0,17.0,20.0,20345.0
job1971,p1,2,a3_0,1,20345.0,6.0,10.0,20351.0
job1972,p2,1,a2_0,1,19036.0,21.0,20.0,19057.0
job1972,p2,2,a3_0,2,19073.0,7.0,10.0,19080.0
job1973,p2,1,a2_0,1,19057.0,23.0,20.0,19080.0
job1973,p2,2,a3_0,2,19094.0,14.0,10.0,19108.0
job1974,p4,1,a2_0,2,19080.0,20.0,20.0,19100.0
job1974,p4,2,a3_0,1,19108.0,6.0,10.0,19114.0
job1975,p1,1,a1_0,1,20345.0,27.0,20.0,20372.0
job1975,p1,2,a3_0,1,20372.0,13.0,10.0,20385.0
job1976,p4,1,a2_0,2,19100.0,26.0,20.0,19126.0
job1976,p4,2,a3_0,1,19126.0,7.0,10.0,19133.0
job1977,p1,1,a1_0,1,20372.0,27.0,20.0,20399.0
job1977,p1,2,a3_0,1,20399.0,14.0,10.0,20413.0
job1978,p1,1,a1_0,1,20399.0,23.0,20.0,20422.0
job1978,p1,2,a3_0,1,20422.0,13.0,10.0,20435.0
job1979,p2,1,a2_0,1,19126.0,15.0,20.0,19141.0
job1979,p2,2,a3_0,2,19142.0,15.0,10.0,19157.0
job1980,p3,1,a1_0,2,20422.0,15.0,20.0,20437.0
job1980,p3,2,a3_0,2,20437.0,6.0,10.0,20443.0
job1981,p4,1,a2_0,2,19141.0,14.0,20.0,19155.0
job1981,p4,2,a3_0,1,19161.0,12.0,10.0,19173.0
job1982,p3,1,a1_0,2,20437.0,29.0,20.0,20466.0
job1982,p3,2,a3_0,2,20466.0,14.0,10.0,20480.0
job1983,p3,1,a1_0,2,20466.0,25.0,20.0,20491.0
job1983,p3,2,a3_0,2,20491.0,12.0,10.0,20503.0
job1984,p4,1,a2_0,2,19155.0,28.0,20.0,19183.0
job1984,p4,2,a3_0,1,19187.0,12.0,10.0,19199.0
job1985,p4,1,a2_0,2,19183.0,27.0,20.0,19210.0
job1985,p4,2,a3_0,1,19213.0,12.0,10.0,19225.0
job1986,p4,1,a2_0,2,19210.0,21.0,20.0,19231.0
job1986,p4,2,a3_0,1,19237.0,12.0,10.0,19249.0
job1987,p4,1,a2_0,2,19231.0,24.0,20.0,19255.0
job1987,p4,2,a3_0,1,19255.0,8.0,10.0,19263.0
job1988,p3,1,a1_0,2,20491.0,22.0,20.0,20513.0
job1988,p3,2,a3_0,2,20513.0,14.0,10.0,20527.0
job1989,p3,1,a1_0,2,20513.0,23.0,20.0,20536.0
job1989,p3,2,a3_0,2,20536.0,14.0,10.0,20550.0
job1990,p2,1,a2_0,1,19255.0,14.0,20.0,19269.0
job1990,p2,2,a3_0,2,19269.0,11.0,10.0,19280.0
job1991,p3,1,a1_0,2,20536.0,24.0,20.0,20560.0
job1991,p3,2,a3_0,2,20560.0,13.0,10.0,20573.0
job1992,p2,1,a2_0,1,19269.0,26.0,20.0,19295.0
job1992,p2,2,a3_0,2,19302.0,12.0,10.0,19314.0
job1993,p3,1,a1_0,2,20560.0,23.0,20.0,20583.0
job1993,p3,2,a3_0,2,20583.0,14.0,10.0,20597.0
job1994,p3,1,a1_0,2,20583.0,27.0,20.0,20610.0
job1994,p3,2,a3_0,2,20610.0,12.0,10.0,20622.0
job1995,p4,1,a2_0,2,19295.0,12.0,20.0,19307.0
job1995,p4,2,a3_0,1,19324.0,17.0,10.0,19341.0
job1996,p1,1,a1_0,1,20610.0,10.0,20.0,20620.0
job1996,p1,2,a3_0,1,20622.0,6.0,10.0,20628.0
job1997,p1,1,a1_0,1,20620.0,29.0,20.0,20649.0
job1997,p1,2,a3_0,1,20649.0,16.0,10.0,20665.0
job1998,p4,1,a2_0,2,19307.0,26.0,20.0,19333.0
job1998,p4,2,a3_0,1,19347.0,4.0,10.0,19351.0
job1999,p2,1,a2_0,1,19333.0,13.0,20.0,19346.0
job1999,p2,2,a3_0,2,19358.0,12.0,10.0,19370.0
job2000,p1,1,a1_0,1,20649.0,24.0,20.0,20673.0
job2000,p1,2,a3_0,1,20673.0,14.0,10.0,20687.0
job2001,p1,1,a1_0,1,20673.0,24.0,20.0,20697.0
job2001,p1,2,a3_0,1,20697.0,14.0,10.0,20711.0
job2002,p3,1,a1_0,2,20697.0,12.0,20.0,20709.0
job2002,p3,2,a3_0,2,20711.0,8.0,10.0,20719.0
